3 3 13202 13203 10707
3 2 10707 7869
3 2 10707 4848
3 5 13090 10694 12661 1830 13069
3 2 7869 3606
3 3 7869 13203 13202
3 2 7869 13069
3 2 7869 4848
3 4 3606 7891 1872 13202
3 2 7696 10703
3 2 7696 7830
3 4 10703 7891 1872 13202
3 2 10703 7830
2 5 1408 1393 10273 1737 10644
3 3 1408 4413 7853
3 4 1408 4428 10157 7315
2 3 917 1411 10644
3 2 917 4678
2 3 10644 1737 7853
3 4 7853 7753 7414 7315
3 12 7853 7753 1320 10327 4747 10690 7865 4826 10305 12134 10422 4607
3 19 3010 12166 7348 6779 4695 10585 7782 6728 9615 763 3736 7794 12701 1782 4869 12582 5205 751 4854
1 3 3010 7787 4765
2 3 3010 7787 3706
2 3 3010 515 6726
2 13 4765 7820 12578 10693 1690 12673 10687 7865 4826 10305 12134 10422 4607
2 2 4765 3706
1 2 4765 1262
3 3 3706 10684 6726
2 2 3706 1262
3 2 3706 7718
3 19 6726 1804 7348 6779 4695 10585 7782 6728 9615 763 3736 7794 12701 1782 4869 12582 5205 751 4854
3 3 6726 10684 7718
3 2 6726 3498
2 13 1262 7820 12578 10693 1690 12673 10687 7865 4826 10305 12134 10422 4607
2 2 1262 7718
2 4 1262 1857 11712 4860
3 3 7718 10593 4860
3 5 12603 1788 12593 10656 12682
3 5 12603 10611 11440 9669 3498
3 4 12603 12663 3481 736
3 17 12603 1788 12593 12636 7782 6728 9615 763 3736 7794 12701 1782 4869 12582 5205 751 4854
3 3 12603 1788 1848
3 3 12603 4759 10709
3 3 12682 1671 3498
3 2 12682 736
3 14 12682 7782 6728 9615 763 3736 7794 12701 1782 4869 12582 5205 751 4854
3 17 3498 6779 4695 10585 7782 6728 9615 763 3736 7794 12701 1782 4869 12582 5205 751 4854
3 2 3498 736
3 12 4872 4426 763 3736 7794 12701 1782 4869 12582 5205 751 4854
3 2 4872 1873
3 4 4872 4426 4875 11571
3 3 7185 5239 2947
3 3 7185 10605 4753
3 12 7185 10605 763 3736 7794 12701 1782 4869 12582 5205 751 4854
3 17 1848 3721 4218 12636 7782 6728 9615 763 3736 7794 12701 1782 4869 12582 5205 751 4854
3 4 1848 12145 4790 1873
3 3 1848 12685 10709
3 3 1873 4875 11571
3 4 1873 1870 12685 10709
3 9 1873 11667 12597 10618 10719 4880 12620 1875 1747
3 15 2947 10585 7782 6728 9615 763 3736 7794 12701 1782 4869 12582 5205 751 4854
3 7 3775 9583 11569 6662 11602 3640 9467
3 3 3775 6607 9585
3 2 3775 3763
3 5 3775 6797 9580 11567 3605
3 10 4753 761 7794 10718 777 602 12582 5205 751 4854
3 10 11571 4875 11667 12597 10618 10719 4880 12620 1875 1747
3 4 11571 1769 6767 1734
3 6 9467 7366 12582 5205 751 4854
3 4 9467 3640 11728 9585
3 7 9467 3640 11728 6662 11585 3608 3605
3 7 9467 6510 6676 9634 3661 3635 3778
3 3 9467 6510 10249
3 6 9585 6607 779 11725 9711 9667
3 3 9585 6607 3763
3 4 9667 722 11695 3763
3 3 9667 9724 6710
3 3 3763 749 11654
3 3 3605 6630 3778
3 4 3605 6625 4270 4345
3 2 3605 6778
3 4 3778 1341 12205 10249
3 4 4345 1341 12205 10249
3 2 4345 9601
3 3 4345 4417 10230
3 5 4345 7345 3602 598 6778
3 6 4345 7345 11662 10381 11722 9693
3 11 1356 7893 983 3911 11682 4784 4869 12582 5205 751 4854
3 6 1356 12223 4419 10700 12205 10249
3 2 1356 12149
3 7 10249 9480 7366 12582 5205 751 4854
3 5 10249 12205 1341 7435 9601
3 6 10249 12205 10700 4419 12223 12149
3 3 9601 7291 12149
3 3 9601 4417 10230
3 3 12149 10320 10230
3 4 12149 7433 1284 12291
3 4 10230 10174 1284 12291
3 2 10230 7629
3 3 10230 10481 733
3 3 10230 6719 3732
3 6 12291 1284 10174 12202 6719 3732
3 6 12291 10247 4287 634 12289 1424
3 3 1424 7304 7644
3 8 1424 4285 4342 1619 1338 12459 7462 3732
3 2 7361 7644
3 11 7315 12214 10327 4747 10690 7865 4826 10305 12134 10422 4607
3 6 7315 7386 10271 12211 4380 12281
3 10 12281 528 11733 3471 6665 3588 9697 9713 710 4607
2 4 9671 3677 6694 6876
2 11 6876 6694 6699 9713 9697 3588 6665 3471 11733 11495 12281
2 5 6876 4518 9911 9855 9814
2 3 6876 1432 4607
2 6 6876 4518 9911 941 1651 4799
2 9 6876 4518 9911 941 10387 12303 4727 8115 853
1 9 6876 4518 9911 941 10387 12303 4727 11814 12765
2 8 12124 4778 9616 12607 1862 12134 10422 4607
1 5 12124 3781 10602 1789 12535
2 7 12535 9695 7756 1862 12134 10422 4607
1 3 12535 10582 4865
1 3 12535 12651 1815
2 21 12535 10672 1736 7779 1854 7820 12578 10693 1690 12673 10687 7865 4826 10305 4331 3588 9697 9713 6699 6694 6876
2 7 4607 10422 12134 1862 7756 10651 4865
3 5 4799 7879 4816 12399 4607
2 5 4799 7879 10591 10651 4865
2 4 4799 7879 12573 10662
2 3 4799 11814 12765
1 2 4865 10662
1 4 4865 7888 7688 1815
1 4 10662 12699 850 12765
2 3 853 1793 12765
3 3 4975 3883 12791
3 4 4975 12684 2102 12627
3 6 4975 12684 2102 12624 7762 10798
3 6 4975 12684 2102 12893 9773 12301
3 5 12791 3867 12720 9773 12301
3 4 1827 12642 1809 12627
3 3 1827 7780 4723
3 4 1827 7780 4760 4749
3 6 1827 12642 12570 4814 10340 4740
3 5 12627 1738 4586 10340 4740
3 5 12627 1738 12624 7762 10798
2 5 4723 10640 12561 7688 1815
3 4 4723 4794 7745 1747
3 2 4723 4749
2 5 1815 10711 4610 4820 1747
2 3 1815 12651 1851
3 15 4860 11712 1854 7820 12578 10693 1690 12673 10687 7865 4826 10305 12134 10422 4607
3 3 4860 12585 1851
3 7 4860 10593 10624 4863 7883 4759 10709
3 4 1851 7760 10587 1747
3 5 1851 7760 10587 4839 3750
3 2 1836 10709
3 5 1836 7862 12620 1875 1747
3 2 1836 3750
3 10 10709 12685 1870 3719 10618 10719 4880 12620 1875 1747
3 13 3750 12620 12667 12577 4691 11971 7306 10478 10393 4590 12365 1523 12361
3 2 3750 1747
3 14 1747 1875 12620 12667 12577 4691 11971 7306 10478 10393 4590 12365 1523 12361
3 6 1747 1875 7771 12516 7852 12586
3 3 1747 7745 4749
3 12 12586 10595 12577 4691 11971 7306 10478 10393 4590 12365 1523 12361
3 5 12586 1683 12516 7840 4749
3 3 12586 9892 1678
3 2 12586 12646
3 9 4749 4760 4830 10606 3708 10676 10333 10391 10717
3 3 1352 7892 4740
3 19 1352 9802 1534 10370 12463 1621 1523 12365 4590 10393 10478 9910 11971 4691 12577 12667 12620 1875 1747
3 4 1352 7834 1564 12361
3 3 1352 7834 10717
3 3 4740 11802 10798
3 21 4740 4811 1806 2043 1534 10370 12463 1621 1523 12365 4590 10393 10478 9910 11971 4691 12577 12667 12620 1875 1747
3 21 10798 7904 1806 2043 1534 10370 12463 1621 1523 12365 4590 10393 10478 9910 11971 4691 12577 12667 12620 1875 1747
3 3 10798 7904 1618
3 5 10798 9822 11743 2082 3960
3 5 10798 10702 3972 12848 12301
3 19 1618 2043 1534 10370 12463 1621 1523 12365 4590 10393 10478 9910 11971 4691 12577 12667 12620 1875 1747
3 8 1618 6803 7945 9829 10778 805 10504 10337
3 5 1618 6803 8025 2082 3960
3 4 1618 6803 12778 12458
3 4 10337 10504 10861 3960
3 17 10337 7628 12486 12401 4522 1559 10410 4510 7464 7797 7615 10586 4402 6974 4988 12568 9727
3 8 10337 7628 12486 4577 6968 5001 7485 12458
3 4 3960 9920 1915 12301
3 16 7552 4535 1643 7599 1559 10410 4510 7464 7797 7615 10586 4402 6974 4988 12568 9727
3 11 12458 12489 10477 4625 7615 10586 4402 6974 4988 12568 9727
3 3 12458 12778 4567
3 11 4567 4597 10477 4625 7615 10586 4402 6974 4988 12568 9727
3 2 4540 7831
3 7 4540 10586 4402 6974 4988 12568 9727
3 2 12361 10717
3 4 10717 10391 10516 1678
3 12 10717 10391 10516 1586 7458 12418 4691 12577 12667 12620 1875 1747
3 8 1678 12418 4691 12577 12667 12620 1875 1747
3 4 1678 9892 10666 12646
3 6 12646 10595 10569 7771 1875 1747
3 7 1866 9880 10719 4880 12620 1875 1747
3 4 1866 1719 12550 1734
3 5 1866 4807 4664 10341 12456
3 8 1734 12693 10618 10719 4880 12620 1875 1747
3 5 12357 9657 4166 4738 4854
3 2 12357 12456
3 2 12357 9450
3 10 12456 1560 9910 11971 4691 12577 12667 12620 1875 1747
3 2 12456 12312
3 2 9450 12312
3 4 9450 9682 10461 1655
3 10 9450 6713 9653 870 11791 11760 6855 3853 9825 6890
3 11 12312 11589 10478 9910 11971 4691 12577 12667 12620 1875 1747
3 5 12312 12368 7611 720 1655
3 5 1655 4508 1604 954 7831
3 4 1655 4508 12437 1595
3 10 1655 4531 7551 9810 11791 11760 6855 3853 9825 6890
3 4 7831 954 11635 11621
3 4 7831 954 10727 6696
3 7 7831 10586 4402 6974 4988 12568 9727
3 3 1595 10448 11621
3 9 1595 9796 831 11776 11760 6855 3853 9825 6890
3 4 11621 1881 4527 4601
3 2 11621 6696
3 5 11621 1881 4527 1445 9727
3 11 6710 11656 691 11637 870 11791 11760 6855 3853 9825 6890
3 4 6710 6769 6782 11714
3 3 6710 11656 3685
3 11 11714 11685 695 11637 870 11791 11760 6855 3853 9825 6890
3 3 6890 9825 3685
3 4 6890 6874 9808 3829
3 12 6890 6874 9808 6850 801 3941 10343 1506 7558 9779 12637 9727
3 3 6890 4442 11800
3 6 3685 689 11637 9654 6713 9450
3 5 4601 9775 9760 7528 3829
3 3 4601 1445 9727
3 5 3829 7528 971 7547 9727
3 5 3829 801 3941 10343 3823
2 4 3829 7528 10441 6971
3 3 6696 1445 9727
3 10 6696 12709 4988 1582 9779 7558 10439 10412 11841 3823
3 8 9727 12637 9779 7558 10439 10412 11841 3823
2 3 9727 12637 6971
3 7 12501 8083 10657 913 9779 12637 9727
3 4 12501 10281 1758 10909
3 5 12501 10824 10192 1587 4622
3 6 10909 10657 913 9779 12637 9727
2 4 10909 968 9996 12384
2 3 10909 9967 7643
3 14 4464 1615 12429 8110 11717 10753 10615 7615 10586 4402 6974 4988 12568 9727
3 3 4464 7668 7480
3 11 4622 1587 10753 10615 7615 10586 4402 6974 4988 12568 9727
2 6 4622 1587 12735 12803 9996 12384
3 14 7480 1615 12429 8110 11717 10753 10615 7615 10586 4402 6974 4988 12568 9727
3 4 12381 1572 1584 7388
3 18 12381 12353 12325 7640 492 4756 12429 8110 11717 10753 10615 7615 10586 4402 6974 4988 12568 9727
3 17 12384 9996 11509 7422 4756 12429 8110 11717 10753 10615 7615 10586 4402 6974 4988 12568 9727
2 6 12384 5090 9949 1485 7527 10029
1 4 12384 5090 9967 7643
3 2 7202 10029
3 5 7202 10047 11927 10051 1132
3 22 7202 1547 10465 10437 7612 10492 7583 11509 7422 4756 12429 8110 11717 10753 10615 7615 10586 4402 6974 4988 12568 9727
3 21 10029 3994 7118 638 10492 7583 11509 7422 4756 12429 8110 11717 10753 10615 7615 10586 4402 6974 4988 12568 9727
2 4 10029 3994 1485 7643
3 9 4168 12054 7045 12445 10439 7558 9779 12637 9727
3 2 4168 1132
3 5 4168 11783 3925 11841 3823
3 3 4168 6943 788
3 9 1132 12054 7045 12445 10439 7558 9779 12637 9727
3 2 3823 6846
3 3 3823 11738 788
3 4 6846 865 11738 788
2 7 6971 4627 7558 10439 10412 11841 3823
3 2 6984 3957
3 3 6984 9758 6845
3 4 6984 822 11785 9804
3 10 3957 6929 11888 11873 10343 1506 7558 9779 12637 9727
3 4 6845 6869 11785 9804
3 4 6845 3863 6882 3878
3 5 11817 862 9820 6869 6845
3 3 11817 6885 9804
3 5 11817 702 3880 880 11800
3 4 11817 3697 11650 6717
3 4 11817 9836 9664 11654
3 7 9804 11785 9820 11799 3863 6882 3878
3 5 9804 847 3850 880 11800
3 13 11800 11789 9789 6823 6929 951 11873 10343 1506 7558 9779 12637 9727
3 5 9864 11900 11782 6882 3878
3 2 3878 859
3 4 3878 6911 3806 9693
3 5 3878 3894 9774 11660 6717
3 4 9693 9673 11660 6717
3 3 9693 3806 718
3 5 9693 3806 11665 4445 7629
3 6 6717 11660 706 3693 3863 6845
3 5 6717 11650 11680 9664 11654
3 5 11654 6707 3687 882 6890
3 4 6778 9754 11722 9693
3 3 6732 715 718
3 3 6732 3712 733
3 5 718 908 9850 9847 3878
3 4 718 9675 4445 7629
3 4 718 715 3712 733
3 10 7629 4445 10381 11722 9721 9708 3702 3733 734 11654
3 3 7629 10481 733
3 2 733 3732
3 4 3379 3242 3359 11293
3 5 9303 3396 303 3342 11293
3 5 7394 11237 285 7377 11293
3 6 377 3241 7239 6221 9239 6103
3 3 377 6378 3369
3 2 6384 6318
3 7 6384 3205 3301 7239 6221 9239 6103
3 7 6318 3205 3301 7239 6221 9239 6103
3 4 351 11270 11317 11297
3 3 11297 9250 3353
3 5 9297 6270 6221 9239 6103
3 3 9297 11345 6237
3 2 6237 11279
3 3 11279 364 3353
3 5 3353 9322 296 11221 6103
3 5 3353 9322 3287 271 221
3 3 221 11374 6103
3 4 3369 6221 9239 6103
3 4 6103 11333 13070 3501
3 9 3501 13070 507 11471 6221 7239 3301 3205 6384
3 3 6489 507 6103
1 11 3022 6038 9132 107 6041 6187 3126 6111 173 6214 9126
1 7 3022 6118 3096 9216 11100 9127 188
1 5 188 3090 3188 3114 122
2 7 122 6145 9170 3059 6080 9204 14
3 2 14 6115
3 5 11091 3045 11147 11040 9151
3 3 11091 6127 35
3 6 6050 161 11082 11188 9185 35
3 6 11114 6028 69 11070 6310 383
3 6 383 3307 6412 9362 6345 9279
3 6 242 9410 11231 9362 6345 9279
3 4 242 11280 11327 11215
3 6 9279 11376 6120 11160 11327 11215
3 3 9279 6345 6287
3 5 158 120 82 9233 11079
3 7 158 11121 195 66 3172 11065 3122
3 5 9206 11162 52 3131 37
3 13 9206 11162 3050 6150 3187 3133 11046 6153 9231 11092 155 11212 11094
3 4 9206 9100 3060 3151
3 19 9206 11162 3050 6150 3187 6052 9176 6070 6172 6057 9082 60 6073 11083 93 39 11084 3176 333
3 11 37 3013 11043 9163 9056 11033 3119 6138 9038 6013 3122
3 7 11105 6009 204 3161 3061 6186 9206
3 4 11105 9129 9194 3083
3 6 3083 6066 169 3117 11126 3122
2 5 3152 11426 11127 11443 4640
3 3 9340 9240 10493
3 4 3194 11246 3354 6314
3 2 6296 3272
3 3 6296 9357 9438
2 3 3272 6281 3393
3 2 6364 6235
3 6 6364 3277 3325 3260 6393 6287
3 7 6235 3341 3277 3325 3260 6393 6287
3 2 6389 317
3 4 6389 3231 3368 9347
3 4 6389 11331 11305 321
3 6 317 11251 3325 3260 6393 6287
3 4 9498 3262 6598 516
3 3 11456 9363 6286
3 2 11456 3444
3 4 11456 9363 11346 6535
3 3 9335 11318 11360
3 4 6286 9403 11346 6535
3 2 516 6560
3 2 516 3516
3 2 516 9536
3 2 516 9536
3 2 6446 6560
3 2 6446 11483
3 3 6560 3576 9536
3 2 3516 9536
3 3 3516 9444 9418
3 2 9536 11606
3 2 9536 11606
3 3 9418 3560 3546
3 2 11483 11606
3 4 11420 454 3402 11549
3 4 11420 6585 9534 11506
3 3 11549 3447 11606
3 3 11549 11518 11506
3 19 11549 9561 6585 6569 9578 553 3523 3495 9478 3659 629 11582 595 6792 11720 9717 929 3749 6766
3 4 9490 3506 11491 11506
3 4 9490 3506 6518 512
3 5 9503 549 3629 11502 9559
3 3 9503 1346 521
3 4 9503 549 563 11547
3 2 9503 6542
3 3 9559 5291 3546
3 4 521 11642 6698 9642
3 6 11535 6599 9578 3549 9523 11506
3 5 11535 3579 9550 11508 9495
3 8 9495 527 3523 553 9578 3549 9523 11506
3 18 11506 9534 6569 9578 553 3523 3495 9478 3659 629 11582 595 6792 11720 9717 929 3749 6766
3 3 11506 9523 9507
3 4 9507 6547 3534 3509
3 2 9507 512
3 13 9507 6533 3671 11596 629 11582 595 6792 11720 9717 929 3749 6766
3 2 3652 9642
3 3 3652 817 3650
3 3 9609 6644 3655
3 3 9609 6644 6651
3 4 9609 9607 11576 590
3 3 9642 817 3650
2 3 9642 3666 9622
3 6 3650 648 9625 3594 9748 590
3 4 3650 641 9590 6613
2 3 3650 6668 6666
3 5 3509 3534 3549 9523 11506
3 11 11600 9631 9867 503 3495 3523 553 9578 3549 9523 11506
3 2 11600 6657
3 4 512 3493 6688 3655
3 11 512 6533 9492 9478 3495 3523 553 9578 3549 9523 11506
3 12 3655 9629 11631 3671 9478 3495 3523 553 9578 3549 9523 11506
3 2 3655 6651
3 11 6657 655 3659 9478 3495 3523 553 9578 3549 9523 11506
3 4 6657 9597 11565 9737
3 13 6651 3626 11869 629 3659 9478 3495 3523 553 9578 3549 9523 11506
3 4 6651 6648 9593 590
3 3 3771 11718 755
3 4 3771 9734 6775 11702
3 6 590 769 9732 11716 6786 6613
3 2 755 11702
3 3 6613 780 3768
2 5 6613 9590 6639 11573 778
2 4 6613 9590 6639 6666
3 6 3768 762 11716 9732 769 590
2 4 3768 764 9745 778
3 4 3768 762 11713 958
3 4 3768 764 9738 6780
3 2 6766 11702
2 4 6766 3749 11699 11697
3 16 11702 6775 11720 6792 595 11582 629 3659 9478 3495 3523 553 9578 3549 9523 11506
3 14 9737 11565 595 11582 629 3659 9478 3495 3523 553 9578 3549 9523 11506
2 4 9737 6762 3740 11697
3 18 11697 3740 6759 9717 11720 6792 595 11582 629 3659 9478 3495 3523 553 9578 3549 9523 11506
1 4 11697 743 6756 740
3 3 9898 11877 958
2 3 778 9745 6780
3 5 778 611 3782 776 3780
3 2 11834 958
3 2 11834 911
3 5 958 9728 11716 6786 6613
3 4 958 11875 956 911
3 5 9909 3959 6975 9736 3768
3 5 9909 3959 11721 770 6780
1 14 758 3761 6764 9719 13218 3729 9699 11684 9872 6936 9827 3820 3794 3938
1 8 758 6955 11692 729 11843 13219 726 3918
2 6 3918 918 13232 3874 794 11756
2 6 3918 918 9846 9800 3794 3938
1 4 885 9870 3859 857
1 4 885 11854 13220 740
1 4 857 11766 813 3816
1 5 11756 3845 11820 896 858
1 2 3938 858
1 5 858 13224 6914 9757 11742
1 4 11742 3945 9812 7213
1 5 11742 888 3891 3799 6906
1 3 3816 11737 7213
2 5 3816 790 13223 6966 6812
1 9 7213 9933 9785 6841 13227 9827 9846 918 3918
1 4 7213 871 9896 6906
1 2 9764 6812
1 2 10024 1093
3 4 9347 6325 6298 6218
3 2 6218 6377
3 5 6218 9264 9294 11305 321
3 3 6377 3395 3234
3 3 6377 3395 405
3 2 3234 405
3 2 336 11360
3 5 321 11276 11219 375 6521
3 2 6282 3312
3 4 6282 6334 9334 9361
3 9 6282 537 3473 3572 9535 3514 469 9414 11542
3 3 6521 11444 3312
3 3 6521 9428 478
3 4 6521 3499 9456 3522
3 4 6521 3499 11545 6582
3 4 3312 3207 9496 478
3 10 3312 3207 537 3473 3572 9535 3514 469 9414 11542
3 4 478 6441 11545 6582
3 4 478 6441 11481 3535
3 6 478 9535 3514 469 9414 11542
3 4 3522 6487 425 6524
3 5 3522 11359 11219 11276 321
3 3 6524 538 6582
3 4 6524 538 6501 3535
3 2 6524 9497
3 4 6524 3561 9524 564
3 3 6582 6487 3522
3 2 6582 3535
3 3 514 11481 3535
3 3 514 6559 9471
3 4 514 6559 3418 3585
3 5 514 6559 11432 6440 11542
3 2 3535 9471
3 3 9471 9441 9497
3 3 9471 9441 11404
3 2 9471 3585
3 5 9497 482 6421 9572 11544
3 2 9497 11404
3 3 9486 6444 11560
3 3 564 9524 11445
3 4 564 11431 9509 405
3 2 564 11533
3 4 11445 11417 9572 11544
3 3 6568 3558 11547
3 3 6568 3530 6542
3 5 6568 6581 9557 9572 11544
3 2 6568 589
3 2 11560 11547
3 2 11560 589
3 4 11547 3558 3530 6542
3 4 11435 11470 3547 587
3 4 11435 11470 3547 9522
3 2 587 9522
3 2 587 3444
3 2 587 6469
3 2 9522 3444
3 2 3444 6469
3 4 3444 3512 6622 6535
3 2 6469 495
3 3 6469 6622 6535
3 2 495 6535
3 3 495 9443 11533
3 3 6535 9509 405
3 4 405 9509 11431 11533
3 2 6542 11486
3 6 9517 6555 9557 9572 9416 11404
3 2 9517 11486
3 2 9517 11499
2 2 708 11499
2 3 708 3705 692
1 5 708 9666 11638 9636 673
2 9 11499 3690 9655 6680 3660 658 9600 607 3780
3 3 11544 9416 11404
3 3 11544 561 3299
3 4 11404 586 3571 3299
3 3 11404 6470 3585
3 9 692 11653 6725 9681 532 5283 9541 9569 11542
1 3 692 9652 673
1 5 692 11653 3688 707 688
3 5 692 11653 3688 6708 9665
3 8 3299 9515 9681 532 5283 9541 9569 11542
3 4 3299 3571 9555 6418
2 2 663 11604
1 7 663 11623 661 658 9600 607 3780
2 2 9620 11604
1 3 9620 11590 6666
1 2 9620 9622
2 5 11604 11601 3641 607 3780
1 2 6666 9622
2 7 6666 11590 3612 9587 6635 607 3780
2 8 9622 6683 9638 11640 3679 694 519 9517
1 4 673 11634 3675 688
2 8 673 11618 9630 6675 11587 6661 969 3780
2 6 688 6691 9650 11651 704 11666
2 4 688 3675 3674 3673
2 3 688 6708 9665
3 3 9648 653 3673
3 3 9648 9661 11666
3 3 9648 9646 596
3 5 3673 6687 9679 6690 11666
3 4 3673 11612 6673 11595
3 4 11666 704 11651 9665
3 3 11666 9527 6552
3 5 11666 6739 3718 557 3569
3 3 11666 6739 9692
3 4 6552 6723 732 9665
3 4 6552 11525 9569 11542
3 3 686 9661 11666
3 2 686 11627
3 3 11542 9429 494
3 2 11542 6418
3 10 494 9429 9569 9541 5283 532 9681 6725 11653 692
3 4 494 583 3553 3569
3 4 494 583 421 6562
3 4 494 3485 3545 552
3 11 3585 3418 6440 469 3514 9535 3572 3438 9470 3510 9570
3 2 3585 6418
2 8 6418 6592 7857 532 9681 6725 11653 692
3 4 3569 11525 9569 11542
3 2 3569 6562
3 4 3569 557 9539 9692
3 5 6562 421 3485 3545 552
3 6 6562 6590 9567 9457 6512 9570
3 8 9692 9539 3484 9551 9567 9457 6512 9570
3 3 9692 3716 11679
3 10 11679 11522 3537 581 11554 9412 9567 9457 6512 9570
3 4 11679 9690 3731 3713
2 9 6573 3550 581 11554 9412 9567 9457 6512 9570
2 3 6573 6751 3713
2 4 6573 3581 3410 417
1 3 6573 6586 11691
3 4 11627 11630 9661 11666
3 4 11627 3683 701 6703
3 3 11627 3670 6685
3 4 11627 6672 665 596
3 2 9660 6703
3 4 9660 684 6716 3713
3 4 9660 684 11646 11644
3 4 6703 9676 3716 9692
3 3 6703 3680 6685
3 4 6685 3680 11625 9660
3 3 6685 9624 11594
3 11 3713 6751 9537 555 581 11554 9412 9567 9457 6512 9570
3 3 3713 699 11644
3 2 3696 11644
3 5 3696 713 746 3548 11691
3 4 3696 6697 6682 646
3 5 3696 6697 9640 11622 9619
3 3 6700 11625 9660
3 3 6700 11646 11644
3 3 6700 9621 3617
3 5 11644 11659 6735 9706 11691
3 4 11644 9656 679 646
3 5 646 9606 11592 6667 3645
3 3 646 11787 3614
3 8 9619 11622 3694 6714 9687 746 3548 11691
3 3 9619 6667 3645
2 11 9668 3676 6709 6679 676 3694 6714 9687 746 3548 11691
1 5 9668 711 9685 727 9704
2 5 9668 711 9685 11689 6761
2 2 9668 11639
2 4 9704 727 11689 6761
1 4 9704 6571 3548 11691
2 4 9704 6731 9670 11639
3 10 3645 11605 6679 676 3694 6714 9687 746 3548 11691
3 5 3645 637 3639 660 3663
3 12 3663 660 6695 6709 6679 676 3694 6714 9687 746 3548 11691
3 3 3663 9651 11636
3 2 11636 6677
1 9 6677 9614 649 9769 6967 9888 11842 922 9833
3 3 3701 6727 11670
3 11 9361 9277 9387 6236 3473 3572 9535 3514 469 9414 11542
3 10 9570 3510 9470 3438 3572 9535 3514 469 9414 11542
3 2 9570 552
3 4 9570 3510 3460 6558
3 4 9570 3283 9532 17
3 6 552 6595 11517 11401 9414 11542
3 2 362 9263
3 9 6558 3532 444 3572 9535 3514 469 9414 11542
3 2 6558 17
2 3 17 11515 493
2 5 11479 536 6580 11399 3559
3 5 11479 491 11427 3562 462
3 4 11479 9558 513 474
3 3 417 11413 442
3 7 417 11398 9412 9567 9457 6512 9570
1 2 3544 6259
1 3 3544 6567 9316
1 4 3544 11492 548 493
1 5 3544 524 402 290 11301
1 3 3544 467 3458
1 3 6259 6567 9316
1 3 6259 548 493
1 3 9316 11274 11301
1 9 3458 6416 11532 11428 584 479 9511 6512 9570
1 2 3458 3559
1 3 3458 562 3497
2 2 442 3497
1 5 3559 6484 9452 6546 3392
2 6 3559 6484 9452 11441 3412 474
1 8 3497 11430 3586 584 479 9511 6512 9570
3 5 11370 3267 6220 6371 6326
3 5 11370 216 11322 342 9289
1 4 11301 347 13206 3393
1 3 11301 11247 3392
3 4 6780 3782 776 3780
3 4 6780 11730 11723 771
3 2 771 6788
3 3 771 11726 3780
3 4 771 11726 6790 773
3 4 6788 3773 6790 3780
3 2 3780 773
2 10 3780 607 9600 658 3660 6675 9630 656 6656 3604
3 4 773 3776 603 3604
3 4 773 3776 603 6631
3 9 11584 6656 656 9630 6675 11587 6661 969 3780
3 9 3604 6656 656 9630 6675 11587 6661 969 3780
3 3 3604 9598 6631
2 7 6631 6675 3660 658 9600 607 3780
3 2 6626 11595
3 2 6626 599
3 4 6626 11735 11564 3601
2 10 11595 628 6656 656 9630 6675 11587 6661 969 3780
3 2 11595 599
3 3 3976 6790 3780
3 3 3976 6985 6606
3 3 3976 1616 9907
3 2 6606 6793
3 12 6606 782 9924 9879 3885 6926 11790 9838 6831 3923 9826 819
3 4 6606 6985 1616 9907
3 2 9907 6946
3 11 9907 910 9750 3885 6926 11790 9838 6831 3923 9826 819
3 2 11833 6946
3 5 6946 6973 3773 6790 3780
3 5 9904 11846 923 9826 819
3 6 925 9838 6831 3923 9826 819
3 4 6843 883 11803 819
3 3 6843 9784 11837
3 2 6843 6972
3 3 11837 9856 6972
2 3 9990 4159 4014
3 4 6972 3958 11803 819
2 5 10074 3857 1156 4159 9990
3 4 10074 7147 1009 4014
3 6 596 665 6672 11630 9661 11666
3 2 596 11581
3 5 599 9627 6650 3592 11581
3 3 11581 3592 3601
3 4 11581 9611 3670 11627
3 4 3601 6650 3654 596
3 2 3601 591
2 3 3601 6614 9586
2 3 591 6611 9586
3 3 11594 3627 9608
3 4 9608 6670 11625 9660
3 3 9608 619 3617
1 3 3924 11816 9894
2 4 9586 6614 3596 11581
1 3 9586 6619 9588
1 3 9894 11845 9821
3 3 12504 191 4515
3 2 12504 12677
3 3 12504 10930 10594
3 7 12504 5221 1846 10988 2176 8144 2220
2 2 3614 11586
3 4 3614 614 6634 9602
3 2 3614 3617
3 5 9602 6634 3649 9606 646
1 3 9602 9756 9771
1 2 9809 9821
3 3 1106 12001 1205
3 2 4109 1109
3 3 4109 7127 3401
3 3 4109 3988 7096
1 4 1109 976 3864 3973
3 3 1109 976 1205
3 2 4178 7096
1 4 3870 921 6956 11746
1 2 6935 1636
2 9 11976 4115 1015 11970 4161 11979 1155 12049 4073
1 2 1065 1201
3 3 1201 7107 1086
3 2 1201 4206
3 2 1086 4206
3 8 1086 7176 11970 4161 11979 1155 12049 4073
3 7 4206 4088 4161 11979 1155 12049 4073
1 3 8123 6826 5098
1 4 3393 318 3281 3392
1 4 3392 11528 6415 6280
2 4 3392 6546 3412 474
1 5 6280 560 6579 9554 6232
2 4 6280 560 3496 474
2 7 6232 3203 3293 3350 6292 342 9289
2 5 6232 3203 3507 3568 3480
3 3 6354 11220 11241
3 2 6354 9289
3 18 6354 289 11230 11383 371 398 3390 3335 6411 9384 9355 11368 11214 384 356 3318 6341 413
3 20 11241 11220 11290 223 9351 3278 236 6305 3390 3335 6411 9384 9355 11368 11214 384 356 3318 6341 413
3 4 11241 9323 6249 6326
3 4 11241 11220 3331 9289
3 2 11241 6293
3 6 6326 6371 6220 11322 342 9289
3 4 6326 9386 387 6293
3 5 462 438 3483 6557 6435
3 2 6435 474
3 7 525 3494 11454 488 9491 6495 11504
3 4 525 11557 6458 3480
3 16 3480 6458 582 9543 11454 11438 434 6597 3575 9714 754 11705 6600 414 3430 462
3 6 3480 11489 11425 463 9413 11504
3 7 3480 6508 9477 6565 9542 580 3580
3 5 11504 6507 6478 6451 11561
3 4 11504 6507 9433 11437
3 6 11504 9413 11462 3520 11526 3580
3 4 11504 3557 11397 418
3 9 721 737 3573 588 11405 453 9463 6507 11504
2 5 3686 705 3722 568 721
3 12 11561 574 11546 6597 11409 9451 6497 11490 11464 9533 3457 462
3 3 11561 6423 11437
3 9 6420 6776 3449 486 11461 3508 6578 3557 11504
3 5 6420 3421 6445 9430 9417
3 10 3580 11244 11283 11337 384 212 3250 9313 9330 11379
3 6 3580 457 3554 9579 11396 413
3 7 418 9556 3409 6432 9489 9552 413
3 11 9417 11434 9461 6505 3479 502 11461 3508 6578 3557 11504
2 3 3338 9041 6105
2 21 3338 3075 11089 3064 9101 6088 3166 6100 6110 11192 119 11158 9180 73 11180 135 9033 11134 6370 9389 11375
2 8 3338 3075 3065 183 11074 6091 11086 3164
2 5 6105 9099 3147 10207 105
2 2 6105 6192
2 21 6105 9099 154 1295 9225 6121 6 6202 11025 9232 6133 9065 3167 3066 175 3004 12 11340 9291 9389 11375
2 21 105 6538 6177 1295 9225 6121 6 6202 11025 9232 6133 9065 3167 3066 175 3004 12 11340 9291 9389 11375
3 18 11094 11212 155 11092 6094 9118 2994 90 6057 9082 60 6073 11083 93 39 11084 3176 333
3 5 9131 3175 11177 9110 3164
3 9 9131 11213 3124 129 3035 150 85 6022 333
3 6 9131 11107 2 11099 9122 121
3 14 3164 9222 6119 11035 23 9180 73 11180 135 9033 11134 6370 9389 11375
3 10 3164 9222 3099 143 3056 62 164 11099 9122 121
3 7 3164 9222 3099 143 6077 97 3190
3 5 3164 9222 9043 3135 6180
3 4 3151 6174 6197 117
3 7 333 6022 6122 9144 11039 6101 121
3 4 333 3176 11154 9177
3 5 333 6245 11250 3358 9302
3 13 333 6245 9256 11236 9278 9356 378 9311 3202 6362 9360 6299 11375
3 19 11349 287 9399 6387 3297 11336 6305 3390 3335 6411 9384 9355 11368 11214 384 356 3318 6341 413
3 7 11349 6264 9242 8 110 9111 9177
3 6 11349 6264 3235 9287 354 6293
3 4 11349 11326 366 9302
3 9 121 3220 3116 6135 6358 11252 6370 9389 11375
3 3 121 3220 3190
3 6 117 71 6035 6086 9111 9177
3 7 117 11109 9234 320 248 11234 6293
3 7 9177 3101 11315 3215 11326 366 9302
3 3 6380 11282 9302
3 5 6380 6414 6348 3377 382
3 6 6380 6414 9348 6290 6396 6262
3 11 6380 6283 9278 9356 378 9311 3202 6362 9360 6299 11375
3 4 9302 3327 3263 382
3 21 9302 401 335 11254 9318 9253 3297 11336 6305 3390 3335 6411 9384 9355 11368 11214 384 356 3318 6341 413
3 4 382 3236 11347 6262
3 20 382 11300 11369 9318 9253 3297 11336 6305 3390 3335 6411 9384 9355 11368 11214 384 356 3318 6341 413
3 3 382 246 300
3 5 6262 6315 9313 9330 11379
3 4 6262 11347 3236 300
3 7 6262 6315 3250 3199 6398 6341 413
3 7 11379 283 3339 6362 9360 6299 11375
3 8 11379 11248 11294 9273 6230 6398 6341 413
3 7 11379 11248 11294 9273 9245 11381 11351
3 8 300 11242 261 384 356 3318 6341 413
3 10 413 11396 534 11500 6517 9449 6481 11397 3557 11504
3 5 413 9448 9339 11323 11351
3 7 11375 3303 11344 11394 11262 11309 6248
3 11 11375 3303 11344 9407 6343 6284 11363 6329 232 396 11351
3 9 11375 9368 270 3261 3349 9270 6372 11255 11149
3 8 11375 6327 9325 3383 3282 9259 11356 6338
3 7 6248 6409 3360 3332 313 340 11351
3 8 6248 9258 11269 11240 257 3196 3246 6226
3 20 6248 9409 11393 11364 353 3343 3316 6339 9337 11321 365 497 3486 3330 6379 1350 7343 4283 1305 1278
3 4 3190 97 6077 6180
3 8 3190 6215 9159 9033 11134 6370 9389 11375
3 7 6180 6113 9033 11134 6370 9389 11375
3 10 11351 11296 471 6587 544 487 579 3582 3555 3529
1 6 7375 11352 7346 12203 9293 381
1 6 7375 4372 12626 206 7403 6278
1 8 7375 4372 12626 206 7431 6285 291 1278
1 6 7375 1336 6025 12527 10216 10716
1 8 7375 12216 361 3280 7320 12287 1233 9292
1 10 7375 1336 6025 3127 12187 4802 7824 1744 4774 3169
2 25 7375 1336 6025 3127 11111 11195 12587 7318 1307 3000 9145 11179 9155 9114 3146 6089 3167 3066 175 3004 12 11340 9291 9389 11375
3 16 11149 9050 9172 6149 12 135 9033 11239 6358 3347 3268 3370 3202 3339 283 11379
3 6 11149 9370 3264 3139 3027 381
3 6 11149 6383 11263 282 11387 6338
3 6 11149 6383 11354 11365 11320 6278
3 20 381 370 3363 146 11193 11133 3041 9155 9114 3146 6089 3167 3066 175 3004 12 11340 9291 9389 11375
3 4 381 305 11320 6278
3 7 6338 260 404 3394 3294 11320 6278
3 4 6338 372 9514 11496
3 9 6338 11356 9373 6312 3197 345 6391 9286 6248
3 5 6278 6388 6323 3214 11496
3 6 6278 7403 7431 6285 291 1278
3 11 11496 9514 11339 9354 9307 9373 6253 3224 9325 6327 11375
3 4 11496 9401 339 11225
3 8 11496 3214 10301 9385 3348 9349 273 1278
3 13 11225 339 6404 11273 3382 9354 9307 9373 6253 3224 9325 6327 11375
3 3 11225 6275 6226
3 8 11225 11377 11256 3265 4324 4283 1305 1278
3 11 6226 6302 9338 392 9244 6357 6312 6374 3352 6327 11375
3 6 3529 498 11447 9442 11416 6794
3 4 6794 6765 11727 748
3 7 6794 11724 3746 745 742 6748 700
3 25 1278 1305 4354 12270 12128 9420 3502 11510 9526 11473 6551 3467 9487 3490 6601 9432 11523 3578 3426 9460 6492 3465 313 340 11351
3 7 1278 12130 10136 11223 12287 1233 9292
2 7 1278 1258 4265 4311 10256 4215 4261
3 8 750 6755 3734 6768 6781 9742 9688 748
2 8 748 3748 9707 6750 11693 11690 6702 3672
3 9 748 3748 9707 6750 11693 11690 712 6730 700
2 3 7554 6689 3672
2 5 7554 9645 3668 6701 700
2 4 3672 683 6730 700
3 7 10716 7228 12567 10133 12287 1233 9292
3 6 10716 10648 1771 1744 4774 3169
2 6 9292 12157 7401 10256 4215 4261
3 7 9292 12157 7401 7429 10168 10140 12170
2 25 4261 1406 1210 12298 12128 9420 3502 11510 9526 11473 6551 3467 9487 3490 6601 9432 11523 3578 3426 9460 6492 3465 313 340 11351
2 5 4261 10224 10196 12198 12170
3 9 7789 12536 4866 7274 7825 1860 1733 12679 10696
3 15 7789 12536 4866 10652 1297 4803 1779 10531 10713 7693 12590 12737 10691 10674 4709
3 5 7789 1718 10613 7815 4724
2 4 7789 12174 10617 4730
3 4 7789 7861 1674 12510
3 5 10696 10626 7722 1765 12510
3 4 10696 12679 4806 1797
2 5 7837 1784 12517 10536 3415
2 4 7837 1726 10533 4730
2 10 7837 1757 10561 7781 1679 10576 10673 10686 1718 7789
2 6 7837 1784 12517 7738 9142 1684
2 4 7837 12672 4817 12602
3 3 12611 4855 1795
1 4 12611 4795 1666 4762
2 2 12611 10557
2 4 12611 1852 2853 1745
3 3 12611 7765 10589
3 5 4785 10544 4782 12523 7802
3 4 4785 10544 7744 4724
3 2 4785 1837
2 7 4785 10544 12595 12666 10613 1718 7789
3 3 4785 12655 12555
3 3 4785 7707 7805
1 3 1745 4878 10641
2 4 1745 2853 6085 9224
1 2 1745 6211
1 2 1745 10589
1 2 12518 12551
2 17 12518 4810 10598 1772 7871 10577 9659 4290 12263 12192 4805 7672 10722 10698 1693 12548 7832
2 2 10540 4455
2 21 10540 12592 11607 1714 10572 4810 10598 1772 7871 10577 9659 4290 12263 12192 4805 7672 10722 10698 1693 12548 7832
3 6 4797 7838 4815 7769 1803 7802
3 8 4797 12540 10661 10562 7713 4818 12691 4724
3 8 4797 1762 4837 10528 7835 1696 7860 1672
3 5 4797 10543 1791 7676 1859
3 5 7802 12523 4782 7744 4724
3 3 7802 1697 1837
2 10 7802 4808 7902 7828 4737 12575 4716 10658 4705 1672
3 15 4724 12691 12563 4690 10646 1676 7804 12509 10713 7693 12590 12737 10691 10674 4709
3 3 1672 7786 4677
3 5 1672 7860 12507 4862 4801
3 17 1672 10683 12665 10708 12557 12629 4555 7648 12348 4495 952 9776 9843 4140 12026 7109 4190
3 9 1672 4705 10658 7835 10528 4837 1762 7676 1859
3 15 4677 4792 12557 12629 4555 7648 12348 4495 952 9776 9843 4140 12026 7109 4190
3 7 4677 4719 12622 10541 7848 10675 7832
1 5 4677 12641 1826 7854 4762
3 9 957 6989 11750 6684 664 6686 11643 10466 12189
3 5 957 11879 6806 9897 6964
3 9 957 11879 6944 898 3929 927 9883 946 6947
3 10 12189 7266 3963 12136 1343 7249 4841 7868 1742 855
3 11 12189 10521 10215 12342 9623 10463 7670 12482 10376 11893 6964
3 8 12189 4805 7672 10722 10698 1693 12548 7832
1 2 12320 6997
1 2 6997 1636
1 3 7661 7495 4458
1 3 4458 4545 11645
1 3 12434 10454 4901
2 3 1896 4755 1636
2 3 1896 12861 1822
2 3 1896 12793 4901
2 5 1636 4755 4825 10454 4901
1 2 4901 4609
1 2 4609 7969
1 2 4580 10837
1 2 4580 7969
2 2 5098 829
2 3 5098 12773 5050
2 2 829 5050
2 2 10837 7969
1 2 2026 1963
1 3 1963 8031 4966
2 4 1963 10828 11249 10913
3 2 8117 10797
1 2 8117 4966
3 2 8117 12832
3 3 8117 10881 4959
3 2 10797 12832
3 2 12832 4959
3 2 4959 7982
2 3 5029 1957 5073
2 3 5029 7491 8099
2 3 4333 7407 7335
3 9 4333 4232 10239 4281 7326 7383 4337 1303 12170
3 9 4333 4232 10239 4281 7326 7383 4277 10220 10275
1 5 9453 642 475 3593 11701
3 15 10619 10550 10680 12662 10610 1818 12427 10531 1779 4803 1297 10652 4866 12536 7789
2 3 10619 12601 12526
1 4 10366 7777 7501 1554
1 3 1995 2078 2017
1 3 1995 2078 5064
3 4 2017 1948 4949 5064
1 3 10905 1910 2084
1 2 10905 10887
1 3 10905 12754 12822
1 4 10905 12754 7106 2076
2 4 10772 10066 9084 10887
2 4 10772 10066 9084 8106
2 2 10772 12822
3 2 10772 10729
1 2 10887 8106
1 3 10887 12005 12822
2 2 12822 10729
1 2 12822 2076
2 3 10729 12708 2076
3 3 4915 5086 12137
3 3 4915 2054 1908
3 2 4045 12137
3 2 4045 5055
3 2 12137 5055
3 3 12137 1377 4299
3 3 5055 12777 4299
3 2 5055 12786
3 4 5055 12777 9973 7064
3 5 5055 5040 5096 4953 10801
3 3 5055 7938 4410
3 3 4299 9973 7064
3 3 12786 9973 7064
3 3 12786 10751 4516
3 5 12786 2005 1569 4571 1637
3 3 12786 7938 4410
3 4 7064 7334 1541 4516
3 3 4516 4544 1637
3 2 4245 10077
3 3 4245 12050 9935
2 4 10077 1609 4616 11929
3 5 10077 1609 7124 2843 9935
3 4 11929 4162 2843 9935
2 6 11929 9993 12423 13208 10514 1581
1 3 11929 9993 7634
2 3 1581 10514 7634
3 6 10088 10116 12462 11978 10001 10255
2 2 4410 10801
1 3 4410 8120 1510
1 3 10801 12854 4883
1 3 8087 4472 12114
2 5 8087 1317 4365 4321 7340
3 4 10311 5063 4353 12182
3 3 12114 1275 7340
2 4 3456 4003 7020 1190
2 4 1980 1147 1061 1190
1 3 9975 1144 10118
1 2 9975 4064
1 3 10118 1061 1190
1 3 1190 1061 4064
3 3 1349 12269 12182
3 4 1349 12269 7232 10210
3 2 12182 10210
1 4 10210 7232 4395 1273
3 2 10278 10149
1 4 10278 1344 12734 8011
3 4 10255 4237 7297 7340
3 3 10190 7391 7447
3 7 7447 10274 12247 10246 1268 7436 10278
3 2 7344 10201
3 2 7344 1213
3 3 10201 10287 1213
3 3 10154 1417 12256
1 12 10154 10283 10344 1650 7034 4202 4541 7163 11966 997 7179 7634
3 4 10154 12127 4336 1403
2 3 12256 4626 4585
1 10 12256 1650 7034 4202 4541 7163 11966 997 7179 7634
1 3 12256 4654 1607
3 5 12256 1417 4293 12238 1403
1 2 1492 4585
1 8 1492 10386 12335 7534 3999 997 7179 7634
1 9 4585 12449 4202 4541 7163 11966 997 7179 7634
1 2 4585 1607
1 3 4585 1566 1170
1 5 1607 7603 4175 7909 10776
2 5 1170 4210 7976 8023 1319
1 4 4318 1197 8063 4425
3 5 4318 12789 7965 8023 1319
3 5 4425 10863 7976 8023 1319
1 7 1403 12125 10193 4348 7587 4392 12122
1 6 12090 1142 9991 12010 11968 11929
1 6 12090 1142 7122 997 7179 7634
1 3 4613 12433 10776
2 4 12360 10425 12431 7601
1 4 12360 10384 10356 10330
1 2 4075 1185
2 8 4075 12048 1157 7093 10004 1018 4023 11981
2 8 1185 4119 1157 7093 10004 1018 4023 11981
1 9 10075 1073 7015 9948 7093 10004 1018 4023 11981
1 3 4401 12232 10232
1 4 4401 1396 12288 7376
1 6 4401 1396 1423 7303 7331 4341
3 7 12299 10313 4367 12271 12255 4384 1364
3 5 7427 4412 10297 1376 1364
1 3 7342 1291 12144
2 2 7342 1364
1 14 12144 10156 12286 1366 12230 10158 10217 4275 12292 1385 1315 7295 12125 1403
1 16 12131 7236 4371 1337 1394 12201 1281 1308 10217 4275 12292 1385 1315 7295 12125 1403
1 4 12131 1279 4310 1364
2 3 1208 1304 1316
3 7 1208 12905 2222 2170 2184 12110 7296
2 3 10212 12186 10199
2 12 10199 10240 12228 12243 7415 1404 4236 5226 5176 2184 12110 7296
2 3 1345 4364 12268
1 4 1345 1373 1533 10382
2 8 1345 1373 10294 12138 7308 12209 4320 4361
3 6 12268 10322 1274 1313 4320 4361
1 8 12268 10322 10150 12138 7440 12415 1533 10382
2 6 12168 12184 10225 12212 1373 1345
2 5 12168 1277 12181 10354 10382
2 5 12168 1277 7463 12302 10522
2 9 4361 4320 12209 7308 12138 7440 12415 1533 10382
3 4 4361 1342 10279 7381
2 4 7658 12488 8360 10522
1 5 10382 10354 1460 4446 10522
3 9 7381 12249 7421 4434 7642 10135 12293 4390 4608
3 3 7381 12249 1386
2 7 1386 7223 7642 10135 12293 4390 4608
3 3 1386 7223 12277
3 6 12277 7642 4434 7421 12249 7381
3 4 12277 1413 4390 4608
3 2 4608 4306
3 6 7296 1225 2184 2170 4335 1316
3 6 7296 12110 10138 12280 10310 7227
2 4 1316 10282 4409 7227
2 8 7227 12955 2170 7424 5226 7299 4323 12196
3 7 12196 10237 12225 12252 1416 1225 7296
2 4 10263 1589 10464 12330
2 2 12330 7598
2 3 12330 7336 1518
3 4 7598 4308 1561 1518
3 3 7598 4308 12358
3 9 10153 10197 7311 10169 1289 4262 4307 1098 12358
3 2 1518 12358
3 10 4273 7654 12472 1209 10135 7642 4434 7421 12249 7381
3 3 10191 7293 4273
1 15 4468 7512 7487 4524 7585 7269 10436 7570 10990 11004 11018 12428 5135 12931 12237
3 4 4801 12686 4729 12669
3 6 4801 4732 10704 1725 12614 12544
3 16 4801 7752 7749 12612 4655 12448 1608 12348 4495 952 9776 9843 4140 12026 7109 4190
3 3 4801 4732 1859
3 5 12669 7806 12541 12614 12544
3 3 12669 10558 7803
3 15 12669 10632 4856 4655 12448 1608 12348 4495 952 9776 9843 4140 12026 7109 4190
3 8 12544 10634 10560 1781 7727 4783 10899 7803
3 5 12544 10634 10560 4843 1838
3 3 12544 4777 10669
3 5 12544 12675 4697 10623 1859
3 14 12544 10563 1774 10539 4751 10713 10531 1779 4803 1297 10652 4866 12536 7789
3 2 10044 12019
3 4 10044 11937 1171 4105
3 4 11916 7094 10008 1146
3 4 11916 10040 9995 10098
3 6 11916 10040 11973 12055 7200 1029
3 4 12019 7104 4173 4105
3 4 12019 1125 10014 7191
3 4 12019 7174 11920 12059
3 3 4105 1099 1146
3 2 4105 996
3 4 4105 4173 10014 7191
3 3 4105 7120 10076
3 3 1146 11913 996
3 6 11771 987 892 964 3783 1150
3 17 11771 846 9831 11836 3877 12478 1508 3978 10499 4495 952 9776 9843 4140 12026 7109 4190
3 6 11771 846 916 3913 3932 6947
3 6 11771 987 3895 3839 6860 11835
3 9 4196 4169 10042 4113 11961 1110 12030 1053 4183
3 4 4196 1166 12057 1006
3 5 4196 4169 10069 4099 1055
3 4 1006 4053 7141 4165
3 5 1006 10084 12030 1053 4183
3 4 2028 5100 12327 12732
3 4 2028 10770 10899 7803
3 4 2028 5076 7997 10834
3 5 2028 2099 10750 4536 12815
3 4 2028 7971 12820 1838
3 22 12732 1630 3742 8081 10880 12356 7208 5007 12713 5092 12408 7019 10474 4009 7580 10446 10434 4158 10064 10017 11994 1146
3 5 12732 1630 6638 1985 5025
3 5 12732 5057 12776 12750 7803
3 3 12732 10490 12815
3 4 5025 1647 10733 1976
3 18 5025 4939 8049 5007 12713 5092 12408 7019 10474 4009 7580 10446 10434 4158 10064 10017 11994 1146
3 3 1047 1202 4050
3 6 1047 12095 10080 9970 9942 4183
3 8 4165 9938 10093 10010 7071 11986 7027 4196
3 4 4165 1078 1162 4050
3 5 4165 7141 4081 1053 4183
3 5 11981 4023 1018 11926 7137
3 8 11981 10105 1131 7044 4152 4092 11941 1047
3 3 10062 7108 4050
3 12 4050 1162 1120 9970 12014 9997 7128 4152 7044 1131 7039 11981
3 5 4050 1162 11945 9942 4183
3 6 7137 7650 4134 10431 7095 10404
3 7 7137 7650 1597 4152 4092 11941 1047
2 5 7137 4077 10459 4085 1884
3 7 7137 4077 10459 1625 7606 7446 1319
2 8 7137 4077 10459 1625 1653 4501 1383 10776
3 7 10404 7095 1597 4152 4092 11941 1047
3 5 10404 10039 7521 7577 1474
3 3 10404 4480 12017
3 3 10404 12407 4125
3 3 1884 4192 1319
3 4 1474 7577 4480 12017
3 3 1474 10822 4896
3 4 1474 9939 4141 6999
3 2 7656 10098
3 4 7656 10364 1004 1603
3 4 7656 10364 12012 7459
3 9 7656 10364 7540 10434 4158 10064 10017 11994 1146
3 3 7656 4114 4144
3 8 10098 10079 9937 4158 10064 10017 11994 1146
3 6 10098 7085 7025 12055 7200 1029
3 2 10098 7129
3 3 1603 7508 7459
3 14 1603 5092 12408 7019 10474 4009 7580 10446 10434 4158 10064 10017 11994 1146
3 8 7459 7568 10434 4158 10064 10017 11994 1146
3 20 4144 1139 4606 7571 1575 5007 12713 5092 12408 7019 10474 4009 7580 10446 10434 4158 10064 10017 11994 1146
3 4 4144 7074 10421 4538
3 3 4144 4058 12062
3 7 12467 7167 9959 4203 10017 11994 1146
3 3 12467 7625 9934
3 2 12467 4619
3 9 9934 7580 10446 10434 4158 10064 10017 11994 1146
3 13 5030 10757 7596 10474 4009 7580 10446 10434 4158 10064 10017 11994 1146
3 3 5030 12414 4896
3 5 5030 12414 10304 4141 6999
3 3 5030 7948 11865
3 5 4619 1036 10114 7653 3992
3 3 4619 1036 1628
3 4 7097 10517 12310 12017
3 8 7097 13143 12350 9982 9970 1120 12095 1047
3 5 7097 10517 7665 10006 4896
3 5 7097 1640 11988 7653 3992
3 3 7097 13143 4156
3 9 12017 12310 7502 12350 9982 9970 1120 12095 1047
3 4 12017 7665 10006 4896
2 3 12017 10377 4125
3 15 4896 7201 7434 12086 1612 7609 4009 7580 10446 10434 4158 10064 10017 11994 1146
3 5 4896 10822 10304 4141 6999
3 5 4525 12609 10629 12880 7803
3 6 4525 7631 10507 4469 12344 1519
3 11 4525 10424 7048 7545 1489 10397 6904 4140 12026 7109 4190
3 17 7803 12880 10629 1853 4856 4655 12448 1608 12348 4495 952 9776 9843 4140 12026 7109 4190
3 5 4123 4005 1001 4148 1146
3 3 4123 4082 1029
3 3 4123 7142 9953
3 3 11982 1089 9953
3 2 11982 996
3 3 7014 12052 10076
3 6 1029 7200 12055 7025 12069 7129
3 2 1029 9971
3 3 9953 1089 10076
3 5 3992 7653 10501 12495 4156
3 2 3992 1628
3 7 4156 1448 9982 9970 1120 12095 1047
3 2 4156 4183
3 7 1628 7637 9959 4203 10017 11994 1146
3 16 4506 4561 1499 11903 12478 1508 3978 10499 4495 952 9776 9843 4140 12026 7109 4190
3 4 4506 1588 12618 7832
3 10 4506 1645 7526 4649 10379 7670 12482 10376 11893 6964
3 6 4506 7582 7652 11744 7663 6947
3 18 7832 7873 1776 7697 4745 1743 1871 4555 7648 12348 4495 952 9776 9843 4140 12026 7109 4190
3 4 7832 10675 7848 10678
3 5 6964 11862 9883 946 6947
3 19 6947 3932 1567 4572 930 1499 11903 12478 1508 3978 10499 4495 952 9776 9843 4140 12026 7109 4190
3 8 6947 11850 11781 6963 11828 9795 9918 11835
3 4 10834 12846 4536 12815
2 6 10834 7940 8018 1882 8104 12837
3 5 12815 10817 10787 1257 2045
3 2 1976 10257
3 15 1976 7301 5092 12408 7019 10474 4009 7580 10446 10434 4158 10064 10017 11994 1146
1 8 10505 1617 11004 11018 12428 5135 12931 12237
2 5 10505 12484 10147 12123 1222
3 4 10257 4167 10144 11865
3 5 7129 11933 1169 1188 12062
3 3 12074 4089 12093
3 4 12074 4071 1154 9971
3 5 4205 1200 7105 1184 12074
3 4 12093 11944 4137 10068
3 2 1519 1531
3 2 1519 4538
3 13 1519 12344 1203 1027 10480 7158 828 10397 952 3955 6969 11822 10068
3 4 1519 12344 12078 12062
3 5 1519 12344 12078 4093 4190
3 18 1531 1034 7208 5007 12713 5092 12408 7019 10474 4009 7580 10446 10434 4158 10064 10017 11994 1146
3 20 4538 10421 1180 7571 1575 5007 12713 5092 12408 7019 10474 4009 7580 10446 10434 4158 10064 10017 11994 1146
3 2 4538 12062
3 5 6999 4141 10304 4041 11865
3 3 6999 7240 2030
3 3 4925 10132 2045
2 5 4925 12141 10841 4999 12837
3 14 11865 10144 8072 7019 10474 4009 7580 10446 10434 4158 10064 10017 11994 1146
3 2 11865 2030
2 6 2045 1257 10787 10903 7988 12837
3 5 12837 1999 4937 4559 1319
2 4 2015 7790 5016 8086
2 15 12526 7850 1783 1844 12590 7693 10713 10531 1779 4803 1297 10652 4866 12536 7789
1 4 12526 1703 4682 8086
2 3 12526 4770 4709
2 4 8086 7702 4770 4709
3 4 1838 7732 12656 4709
3 17 1838 4843 12598 7808 7870 1774 10539 4751 10713 10531 1779 4803 1297 10652 4866 12536 7789
3 12 4709 10545 7792 12864 1943 10315 8037 12899 4964 1882 8104 12837
3 5 1319 7446 10346 1383 10776
1 12 10776 1522 1114 12008 1073 7015 9948 7093 10004 1018 4023 11981
3 4 7191 4042 10034 10076
3 3 7191 10014 12059
3 3 12059 7146 1168
3 3 12059 1195 1055
3 5 9974 7058 1096 11991 7191
3 3 9974 10058 1168
3 5 1168 7146 1096 11991 7191
3 3 1168 4013 1055
3 10 1055 11947 9972 4070 10012 11961 1110 12030 1053 4183
3 8 1052 12043 11822 9843 4140 12026 7109 4190
3 6 12062 1188 4032 10022 9969 10068
3 2 12062 4190
3 12 10068 11822 6969 3955 952 10397 828 7158 10480 4208 7000 4190
3 5 4190 4032 10022 9969 10068
3 4 4052 9790 912 11835
3 5 4052 9790 11770 6928 3981
3 5 4052 7171 7070 9981 7125
3 3 4052 10065 7155
3 4 4052 7171 10083 848
3 7 11835 9918 9795 11828 11775 852 3981
3 13 11835 9918 9795 11828 11775 906 9899 3803 3860 898 6944 9897 6964
3 9 3981 3852 6922 959 6822 898 6944 9897 6964
3 3 3981 6928 848
3 4 7125 10036 9936 12011
3 5 7125 10036 1100 7204 11992
3 4 7155 11915 12040 7125
3 3 848 4004 7125
3 3 12011 11912 7121
3 5 12011 9936 1100 7204 11992
3 2 4056 7121
3 6 4056 12060 10085 11977 7175 11992
3 5 7121 12089 10115 7204 11992
3 4 1092 11946 7212 12031
3 2 1092 10052
3 3 1092 1191 7145
3 4 10052 7050 1191 7145
3 4 10052 11985 1025 7110
3 4 7145 1167 10055 12031
3 9 12352 10444 7532 3962 9859 6994 3848 1063 4067
3 3 1117 12007 10128
3 3 1117 4122 1024
3 3 1117 11930 4067
3 7 1117 11989 4000 1113 7016 4100 1182
3 3 1117 11989 10015
3 6 10128 10032 7102 1067 11960 7072
3 4 10128 7217 7187 10125
3 2 10128 10015
3 2 1182 4188
3 6 1182 9998 7157 7087 12097 10125
3 2 1182 1097
3 7 4188 4100 7016 1113 4000 11908 10015
3 5 1097 12072 7087 12097 10125
3 5 7072 11960 1067 4172 10125
3 2 7072 1051
3 2 7072 12031
3 4 1051 11960 1136 12031
3 4 1051 4054 4142 10125
3 5 12031 1136 1067 4172 10125
3 2 7110 9950
3 8 7110 1025 10020 10092 7046 4179 4094 9965
3 5 1024 4118 7016 4100 1182
3 3 1024 4153 4067
3 3 9807 12056 4067
3 3 10125 7187 10015
3 4 10015 12072 9998 1182
3 2 7203 12857
3 4 1145 11939 7166 4046
2 3 1145 4131 13077
2 2 4046 13077
2 4 4046 10078 12051 11953
3 5 4046 10078 12051 7081 1160
1 4 13077 7065 9976 11953
2 3 13077 10059 12888
2 3 13077 7033 9960
2 2 11953 1160
2 3 11953 12034 12888
3 3 1160 4163 9994
3 3 12888 7149 9960
2 2 7617 7630
3 2 11969 9994
3 4 11969 10091 7162 11921
3 3 11921 10026 7005
2 5 7005 11957 12039 1189 1149
1 4 7082 12025 1186 9977
3 2 7011 12004
3 3 11964 7091 4076
3 4 11964 10005 12049 4073
3 2 12004 4073
3 3 12004 10126 9957
3 6 4076 4145 1071 11910 10061 11967
3 3 4073 10126 9957
3 4 11974 7144 10031 1068
3 2 11974 10028
3 3 10844 11999 1064
1 4 10844 10745 7989 2046
3 3 1064 12071 1151
3 3 1064 12889 12002
3 2 1151 12002
3 2 1151 10028
2 5 12002 12889 4068 5069 1977
3 2 12002 9957
3 2 12002 10028
3 3 9957 1080 10028
3 3 5012 10875 7992
3 2 7992 5034
3 2 7992 5077
3 2 5034 5077
3 2 5034 4948
3 2 4989 7972
3 2 4989 12834
3 2 4948 7972
3 2 7972 4948
1 2 12834 12891
3 2 12751 12838
3 2 12751 10812
3 2 2012 12802
3 2 12794 12851
3 2 12794 7983
3 2 12838 10812
3 2 10812 12838
3 2 12838 2044
3 4 12838 7930 7954 12851
3 3 2044 10788 5101
3 2 5101 1975
3 2 1975 2056
2 2 2056 1891
3 4 9152 4897 4978 1473
2 2 9152 1883
3 2 9152 3181
3 3 9152 2081 3123
3 2 1473 3181
3 4 1473 4978 4897 3123
2 6 1883 13211 8078 11012 5054 2080
2 2 1883 3181
3 2 12806 10743
3 3 10743 10784 2088
2 2 10743 1914
2 4 2088 12862 4918 1914
1 2 2088 2046
1 3 2088 12862 2040
1 3 1914 4918 2040
1 3 12725 2003 5047
2 4 1977 4910 7156 1064
1 4 1977 10902 7989 2046
3 3 4033 10908 10877
3 3 4033 10857 12719
3 2 10877 2096
3 4 2096 7996 2034 11934
3 2 2096 8223
3 3 12766 5091 5047
3 3 12766 12723 2088
3 3 5047 5017 2088
3 2 1984 2088
1 2 1984 2040
1 4 5041 2072 12723 2088
3 3 2063 11014 12941
3 2 12941 10761
2 5 1966 10891 12814 8094 10833
3 2 12858 12802
3 3 12858 1909 2038
3 2 10803 10762
3 2 10803 12742
3 2 10803 12742
3 2 8071 12851
3 3 8071 10836 7950
3 2 8071 8096
3 2 12851 7950
3 2 12851 7983
3 2 10862 12742
3 2 10862 12742
3 2 1951 12843
3 2 1951 10919
3 2 1951 10919
3 2 12843 10919
3 2 10919 2050
3 2 10919 12731
3 2 2050 4952
1 2 12731 12817
3 2 4952 12900
3 2 4952 8034
3 2 12900 8034
3 2 4952 8034
2 3 6039 5036 8244
2 2 6039 2080
2 2 6039 9137
2 2 6039 7978
2 2 6039 7978
1 2 2080 9137
1 2 2080 8244
2 3 2080 3109 6008
1 2 9137 7978
2 3 12830 11108 1974
1 3 12830 11108 3165
1 2 12830 6008
1 2 12830 12824
2 5 1974 8078 11012 5054 2080
2 2 12719 3165
3 2 12719 11934
1 2 3165 12824
2 2 3165 11934
1 2 5139 8244
2 7 8193 12925 8219 12981 7548 1968 4515
2 2 8193 10968
3 2 8107 4982
1 6 8107 5008 2035 10874 12999 12853
1 2 6008 12824
2 2 10968 2115
2 6 10968 8219 12981 7548 1968 4515
2 3 7716 4128 12896
2 3 7716 2024 1731
3 4 7716 9986 1516 4515
3 5 12896 10025 7548 1968 4515
2 3 1731 1929 12907
1 3 1731 10858 7161
2 3 4515 1817 12907
2 2 4515 12677
3 3 4515 1817 10594
1 2 12907 7161
3 6 12907 1846 10988 2176 8144 2220
2 5 7161 4941 1181 3854 12989
1 3 7161 10858 8048
1 3 7161 10766 1950
2 10 8048 8016 12775 5117 12925 8219 12981 7548 1968 4515
1 4 8048 10951 10883 12824
1 2 8048 1950
1 4 12824 12741 2073 1950
2 3 12824 12741 11934
2 5 1950 12847 12783 7088 12989
2 3 1950 12808 11934
2 5 8248 12981 7548 1968 4515
2 2 2115 12975
3 2 5158 10966
3 5 5158 12981 7548 1968 4515
1 3 12985 8138 10966
1 2 12985 12921
3 2 10966 2126
3 2 2126 4735
3 3 4735 1552 8054
3 2 8054 12677
3 6 10594 1846 10988 2176 8144 2220
2 6 12989 7088 12783 1181 4941 2220
3 2 12989 12929
3 3 8223 7088 12989
3 2 8223 12929
2 6 12929 7088 12783 1181 4941 2220
2 2 12929 5160
2 2 1939 10860
3 3 1939 6020 10761
1 2 10860 5160
1 3 10860 11017 10932
3 3 9962 3854 12989
3 2 9962 2220
2 3 9962 4171 10932
3 5 2220 4941 1181 3854 12989
2 3 2220 4171 10932
1 2 10845 12967
1 2 12967 5180
2 2 12967 8205
2 5 12967 10988 2176 8144 2220
1 2 5180 10932
2 3 5180 12911 8205
2 4 5180 10988 1846 12907
2 5 10932 4171 3854 7088 8223
2 3 10932 12911 8205
1 6 8245 7900 2171 12064 4556 4584
1 7 5177 1688 10566 2171 12064 4556 4584
3 6 12986 13209 10988 2176 8144 2220
2 2 10929 7842
1 2 7842 2151
2 2 4851 2151
3 2 4851 12963
3 2 8214 12940
3 2 8214 2213
3 2 12963 12940
3 3 4879 10978 12921
3 2 4879 2207
3 2 4879 2229
3 3 12921 10978 2207
3 2 2207 2229
3 3 12589 10415 12419
3 2 12547 12589
2 2 12547 4822
3 2 12547 4696
2 3 4822 12692 12589
2 2 4822 12419
2 2 4822 4696
1 2 4822 4584
3 3 12419 1509 5203
2 3 5203 1509 5231
3 4 5203 1509 10668 2213
2 2 4696 4584
3 2 4696 1833
2 2 4584 1833
1 2 4584 5231
1 8 1833 7576 4556 12064 2171 10566 1688 5177
1 6 12648 12064 2171 10566 1688 5177
1 2 12648 5231
2 2 12648 2213
2 2 10400 2213
1 2 10400 5106
1 5 10400 2171 10566 1688 5177
2 2 10400 2213
1 5 10400 2171 10566 1688 5177
2 3 2213 5217 5106
1 3 5106 1688 5177
1 5 8178 7900 10566 1688 5177
1 3 10993 11015 5185
3 13 10765 10848 2069 12833 13215 7986 4727 12303 10387 941 9911 4518 6876
3 2 10765 4908
3 5 10765 13214 12827 12745 10830
3 6 4908 8033 13214 12827 12745 10830
3 4 4908 4977 1945 8057
3 3 10830 2037 8097
3 2 10830 12897
3 15 10830 12745 12827 5071 7920 3834 10783 7986 4727 12303 10387 941 9911 4518 6876
3 3 8097 2037 12897
3 3 12897 2104 12811
3 3 13088 2083 4956
2 2 13088 5021
3 2 7921 10895
3 3 7921 4946 8057
2 3 10738 1952 4956
3 2 10895 8057
3 2 4956 5021
2 2 4956 2008
2 3 5052 12746 2051
2 2 5052 13089
1 2 5052 2008
3 4 12810 10732 8079 5021
3 3 12810 10732 7913
2 3 12810 8089 1965
2 2 12810 10773
3 2 5021 7913
2 2 13089 2051
3 2 13089 4887
2 2 2008 4887
1 3 2008 2011 7913
3 2 2051 4887
2 5 2051 8032 5066 10832 1965
2 2 4887 12755
3 3 4887 10832 1965
1 2 1965 12755
2 2 1965 7913
2 2 10773 10730
3 3 10730 10832 1965
3 4 12753 8236 12712 10730
2 2 12753 10842
2 2 12715 4904
2 2 12715 4965
2 2 4904 4965
2 2 4965 2077
2 2 10886 10842
3 2 10886 12823
3 2 12823 13093
3 2 13093 12865
3 2 12865 2031
1 2 12738 12865
1 2 1988 13092
3 2 4982 12828
3 3 12828 10906 12885
2 7 12828 1928 5008 2035 10874 12999 12853
2 6 12885 4980 2035 10874 12999 12853
1 2 10747 7993
1 2 10747 5026
1 3 7993 1887 5026
1 2 12845 1937
1 4 10494 4969 12703 10747
1 2 10494 12872
1 3 1937 12703 10747
1 2 1937 1944
2 2 7991 8047
1 2 10792 5026
2 3 10912 10823 1981
2 2 10879 1981
1 8 10879 10849 5214 5008 2035 10874 12999 12853
2 2 8252 8047
1 2 10942 2156
2 2 12969 12983
2 2 12997 2225
3 2 12997 12983
2 3 2225 5202 2210
2 20 12994 8217 5131 10952 8157 8240 10924 2160 12916 8189 10959 2181 10945 12977 12923 2218 2190 5194 12422 10419
3 3 12994 5146 2174
1 3 12994 5146 11001
3 2 10947 10513
3 4 10947 11008 8181 8239
3 3 10947 11008 2109
1 3 5179 12930 2174
2 14 5179 2160 12916 8189 10959 2181 10945 12977 12923 2218 2190 5194 12422 10419
2 18 2174 10952 8157 8240 10924 2160 12916 8189 10959 2181 10945 12977 12923 2218 2190 5194 12422 10419
1 2 2174 5229
1 2 2174 2224
1 4 5229 12979 8203 10973
2 13 12973 12902 8189 10959 2181 10945 12977 12923 2218 2190 5194 12422 10419
1 2 12973 10996
1 3 12973 2142 8175
1 3 12917 10960 5216
1 2 650 8222
3 2 8222 12984
2 2 10973 5200
1 2 2152 12922
2 10 10362 12336 10347 7638 4436 4589 1598 7581 5110 12466
2 2 12364 12351
2 7 1639 4643 1624 7621 4573 12379 12364
2 3 1639 12494 12321
1 3 11001 2224 2174
1 3 2224 5146 12994
1 3 13083 12919 5083
1 3 5083 12919 8254
1 2 8254 5216
1 4 12853 12999 2168 5151
1 2 12853 5220
1 6 12853 12999 12913 12947 10984 5153
2 2 5008 4980
1 2 8175 2204
2 13 8175 2142 8189 10959 2181 10945 12977 12923 2218 2190 5194 12422 10419
2 12 2204 5148 10959 2181 10945 12977 12923 2218 2190 5194 12422 10419
1 4 2204 5148 12987 8140
1 3 2204 12959 5208
1 3 2204 2168 5151
1 2 8140 5208
1 5 8140 2190 5194 12422 10419
1 2 5208 5151
2 5 5208 2190 5194 12422 10419
1 4 5151 5204 10984 5153
2 6 5151 8129 5174 5194 12422 10419
1 5 5220 12913 12947 10984 5153
1 3 5220 12933 2228
1 5 2228 2150 12913 12999 12853
1 2 2228 5153
2 3 2228 2132 5107
2 3 5153 2178 5107
2 8 5153 10984 5204 8129 5174 5194 12422 10419
3 2 2227 5168
2 9 2227 10989 12961 10345 8242 8184 10392 12422 10419
2 9 5107 8179 2164 8227 8242 8184 10392 12422 10419
3 3 10946 8197 10419
2 3 10419 12903 5223
3 8 10419 11002 8196 10999 2153 12996 8190 10980
3 3 7589 8148 7476
3 4 7589 4570 12909 5223
3 5 7589 8226 12334 2185 12479
3 4 7589 8226 12334 10980
3 5 7589 4570 8196 11002 10419
2 3 7476 10931 5223
2 7 7476 12923 2218 2190 5194 12422 10419
3 3 7476 8210 12479
2 8 5223 12909 8196 10999 2153 12996 8190 10980
3 4 12479 2185 5172 10980
3 2 12479 10432
3 3 10980 5172 10432
3 2 10513 10432
2 10 10513 10360 12438 2167 12923 2218 2190 5194 12422 10419
2 10 10432 10360 12438 2167 12923 2218 2190 5194 12422 10419
2 11 8239 5156 1529 1542 7594 4589 4436 7638 10347 12336 10362
3 2 8239 2109
3 4 8239 8181 4533 10405
2 10 10405 1529 1542 7594 4589 4436 7638 10347 12336 10362
2 4 10405 4548 12396 10447
2 6 10447 4436 7638 10347 12336 10362
2 6 4575 4604 1641 10347 12336 10362
3 2 12406 7520
3 3 12406 1537 10427
3 4 12406 4864 4673 12560
3 4 7520 10388 1537 10427
3 4 10427 12435 7859 12560
3 4 12560 4763 10622 10637
3 3 8249 12918 12910
3 4 8249 5211 5225 8186
3 3 7798 1759 10637
3 5 7564 7535 7522 4481 12308
3 6 12308 7651 10487 10460 4560 7566
3 5 7566 12367 4520 10378 10365
3 6 7566 4560 12411 1557 12949 5198
3 5 7566 12382 8230 2187 2166
3 4 10365 10378 12354 2166
3 6 5198 12949 1557 8230 2187 2166
3 3 12910 12924 1773
3 4 12910 7567 5225 8186
3 3 8186 10927 5183
3 3 1652 8228 8243
3 3 1652 4630 1540
3 7 1652 2157 5175 1526 10997 12962 8200
3 9 8243 8130 11011 12990 12976 2191 12948 5197 5183
3 7 1540 4630 10983 1526 10997 12962 8200
3 4 4543 1565 7887 4718
3 5 12604 12617 4804 1814 12632
3 4 12604 7783 1713 4718
3 7 2211 2203 5195 2197 7839 4819 12632
2 5 4329 4289 12135 1242 1222
1 6 4329 7362 4317 10974 4418 12237
1 3 1222 12931 12237
2 3 12237 12193 12154
2 11 12154 7614 4393 1389 12240 12400 10423 10990 8250 1617 10505
3 8 11639 9670 9672 6714 9687 746 3548 11691
3 5 3617 9621 6670 11625 9660
2 7 7643 10495 10468 7558 9779 12637 9727
3 5 589 6594 11417 9572 11544
1 10 7634 7179 997 3999 7534 12335 10486 12464 1082 4425
3 7 4718 1746 1786 7692 4804 1814 12632
3 4 9821 6889 11816 3924
1 4 13063 4744 1823 1839
3 4 7830 7891 1872 13202
3 2 7830 4678
3 2 13069 4848
3 9 2166 12957 1514 2139 4487 4441 12339 4415 7669
2 6 7335 4389 1382 1312 12177 10275
3 5 10669 1689 12649 10623 1859
3 5 12170 1331 1272 10220 10275
2 4 3415 12545 10564 4733
2 10 3415 12545 1729 7781 1679 10576 10673 10686 1718 7789
2 2 4733 4859
2 9 4733 1729 7781 1679 10576 10673 10686 1718 7789
2 4 4733 10635 12615 12555
2 20 12683 11607 1714 10572 4810 10598 1772 7871 10577 9659 4290 12263 12192 4805 7672 10722 10698 1693 12548 7832
2 2 12683 12551
2 2 13061 4229
2 20 13061 12634 1714 10572 4810 10598 1772 7871 10577 9659 4290 12263 12192 4805 7672 10722 10698 1693 12548 7832
2 2 13061 12549
2 20 4229 11607 1714 10572 4810 10598 1772 7871 10577 9659 4290 12263 12192 4805 7672 10722 10698 1693 12548 7832
2 21 4455 12592 11607 1714 10572 4810 10598 1772 7871 10577 9659 4290 12263 12192 4805 7672 10722 10698 1693 12548 7832
2 2 4455 1819
3 10 12147 13196 490 11682 4784 4869 12582 5205 751 4854
3 3 4678 1872 13202
3 6 4848 13091 10679 12661 10694 13090
1 4 1839 1823 4744 13063
2 20 12551 11607 1714 10572 4810 10598 1772 7871 10577 9659 4290 12263 12192 4805 7672 10722 10698 1693 12548 7832
1 4 1795 7889 1666 4762
3 3 1795 7817 10589
2 8 1795 10714 4821 7785 12543 7848 10675 7832
1 5 4762 1666 4795 12538 10557
2 23 4762 1666 12565 4821 7844 10608 10667 12591 1807 10590 7871 10577 9659 4290 12263 12192 4805 7672 10722 10698 1693 12548 7832
2 3 4730 4827 12510
2 7 4730 10617 4681 10673 1780 12655 4785
2 22 12549 4006 12592 11607 1714 10572 4810 10598 1772 7871 10577 9659 4290 12263 12192 4805 7672 10722 10698 1693 12548 7832
1 2 12549 2877
2 2 12549 6211
2 3 10641 4878 6211
2 12 10641 4798 7746 4752 10608 7844 7691 12660 7851 7848 10675 7832
3 2 10641 10589
2 3 10557 13059 9224
2 8 10557 12608 7726 7828 10596 1829 7838 4797
2 5 11122 2900 6085 1722 1745
2 7 11261 13064 4692 10607 4831 7707 4785
2 2 11261 2923
3 10 1837 1697 7863 4703 12681 7828 10596 1829 7838 4797
3 3 1837 1697 10631
3 3 1837 4842 7805
2 21 1819 12592 11607 1714 10572 4810 10598 1772 7871 10577 9659 4290 12263 12192 4805 7672 10722 10698 1693 12548 7832
2 5 4859 10607 4831 7707 4785
2 2 1684 3169
2 5 1684 1664 4715 10592 12602
2 23 3169 10677 12393 7712 10579 1295 9225 6121 6 6202 11025 9232 6133 9065 3167 3066 175 3004 12 11340 9291 9389 11375
2 25 198 13076 12502 10677 12393 7712 10579 1295 9225 6121 6 6202 11025 9232 6133 9065 3167 3066 175 3004 12 11340 9291 9389 11375
2 6 12555 1780 7701 10613 1718 7789
2 5 11328 10607 12643 12615 12555
2 11 10631 4743 10688 12668 7726 4737 10524 1707 1829 7838 4797
3 2 10631 7805
3 17 10678 12657 7763 4725 10655 7801 10722 7672 4551 12342 9623 10463 7670 12482 10376 11893 6964
3 7 1797 10537 4734 7274 4866 12536 7789
2 4 7805 1741 4812 9224
