1 14
1 17
1 35
1 37
1 105
1 117
1 121
1 122
1 158
1 188
1 198
1 221
1 242
1 300
1 317
1 321
1 333
1 336
1 351
1 362
1 377
1 381
1 382
1 383
1 405
1 413
1 417
1 418
1 442
1 462
1 474
1 478
1 493
1 494
1 495
1 512
1 514
1 516
1 521
1 525
1 552
1 564
1 587
1 589
1 590
1 591
1 596
1 599
1 646
1 650
1 663
1 673
1 686
1 688
1 692
1 700
1 708
1 718
1 721
1 733
1 736
1 740
1 748
1 750
1 755
1 758
1 771
1 773
1 778
1 788
1 819
1 829
1 848
1 853
1 855
1 857
1 858
1 859
1 885
1 911
1 917
1 925
1 957
1 958
1 996
1 1006
1 1024
1 1029
1 1047
1 1051
1 1052
1 1055
1 1064
1 1065
1 1068
1 1086
1 1092
1 1093
1 1097
1 1106
1 1109
1 1117
1 1132
1 1145
1 1146
1 1149
1 1150
1 1151
1 1160
1 1168
1 1170
1 1182
1 1185
1 1190
1 1201
1 1205
1 1208
1 1213
1 1222
1 1262
1 1273
1 1278
1 1316
1 1319
1 1345
1 1349
1 1352
1 1356
1 1364
1 1386
1 1403
1 1408
1 1424
1 1473
1 1474
1 1492
1 1510
1 1518
1 1519
1 1531
1 1540
1 1554
1 1581
1 1595
1 1603
1 1607
1 1618
1 1628
1 1636
1 1637
1 1639
1 1652
1 1655
1 1672
1 1678
1 1684
1 1731
1 1734
1 1745
1 1747
1 1773
1 1795
1 1797
1 1815
1 1819
1 1822
1 1827
1 1833
1 1836
1 1837
1 1838
1 1839
1 1848
1 1851
1 1859
1 1866
1 1873
1 1883
1 1884
1 1891
1 1896
1 1908
1 1914
1 1937
1 1939
1 1944
1 1950
1 1951
1 1963
1 1965
1 1966
1 1974
1 1975
1 1976
1 1977
1 1980
1 1981
1 1984
1 1988
1 1995
1 2008
1 2012
1 2015
1 2017
1 2026
1 2028
1 2030
1 2031
1 2038
1 2040
1 2044
1 2045
1 2046
1 2050
1 2051
1 2056
1 2063
1 2076
1 2077
1 2080
1 2084
1 2088
1 2096
1 2109
1 2115
1 2126
1 2151
1 2152
1 2156
1 2166
1 2174
1 2204
1 2207
1 2210
1 2211
1 2213
1 2220
1 2224
1 2225
1 2227
1 2228
1 2229
1 2877
1 2923
1 2947
1 3010
1 3022
1 3083
1 3122
1 3123
1 3151
1 3152
1 3164
1 3165
1 3169
1 3181
1 3190
1 3194
1 3234
1 3272
1 3299
1 3312
1 3338
1 3353
1 3369
1 3379
1 3392
1 3393
1 3401
1 3415
1 3444
1 3456
1 3458
1 3480
1 3497
1 3498
1 3501
1 3509
1 3516
1 3522
1 3529
1 3535
1 3544
1 3546
1 3559
1 3569
1 3580
1 3585
1 3601
1 3604
1 3605
1 3606
1 3614
1 3617
1 3645
1 3650
1 3652
1 3655
1 3663
1 3672
1 3673
1 3685
1 3686
1 3696
1 3701
1 3706
1 3713
1 3732
1 3750
1 3763
1 3768
1 3771
1 3775
1 3778
1 3780
1 3816
1 3823
1 3829
1 3870
1 3878
1 3918
1 3924
1 3938
1 3957
1 3960
1 3973
1 3976
1 3981
1 3992
1 4014
1 4033
1 4045
1 4046
1 4050
1 4052
1 4056
1 4064
1 4067
1 4073
1 4075
1 4076
1 4105
1 4109
1 4123
1 4125
1 4144
1 4156
1 4165
1 4168
1 4178
1 4183
1 4188
1 4190
1 4196
1 4205
1 4206
1 4229
1 4245
1 4261
1 4273
1 4299
1 4306
1 4318
1 4329
1 4333
1 4341
1 4345
1 4361
1 4401
1 4410
1 4425
1 4455
1 4458
1 4464
1 4468
1 4506
1 4515
1 4516
1 4525
1 4538
1 4540
1 4543
1 4567
1 4575
1 4580
1 4584
1 4585
1 4601
1 4607
1 4608
1 4609
1 4613
1 4619
1 4622
1 4640
1 4677
1 4678
1 4696
1 4709
1 4718
1 4723
1 4724
1 4730
1 4733
1 4735
1 4740
1 4749
1 4753
1 4762
1 4765
1 4785
1 4797
1 4799
1 4801
1 4822
1 4848
1 4851
1 4854
1 4859
1 4860
1 4865
1 4872
1 4879
1 4883
1 4887
1 4896
1 4901
1 4904
1 4908
1 4915
1 4925
1 4948
1 4952
1 4956
1 4959
1 4965
1 4966
1 4975
1 4980
1 4982
1 4989
1 5008
1 5012
1 5021
1 5025
1 5026
1 5029
1 5030
1 5034
1 5041
1 5047
1 5050
1 5052
1 5055
1 5064
1 5073
1 5077
1 5083
1 5098
1 5101
1 5106
1 5107
1 5139
1 5151
1 5153
1 5158
1 5160
1 5168
1 5177
1 5179
1 5180
1 5183
1 5185
1 5198
1 5200
1 5203
1 5208
1 5216
1 5220
1 5223
1 5229
1 5231
1 6008
1 6039
1 6050
1 6103
1 6105
1 6115
1 6180
1 6192
1 6211
1 6218
1 6226
1 6232
1 6235
1 6237
1 6248
1 6259
1 6262
1 6278
1 6280
1 6282
1 6286
1 6287
1 6293
1 6296
1 6314
1 6318
1 6326
1 6338
1 6354
1 6364
1 6377
1 6380
1 6384
1 6389
1 6418
1 6420
1 6435
1 6446
1 6469
1 6489
1 6521
1 6524
1 6535
1 6542
1 6552
1 6558
1 6560
1 6562
1 6568
1 6573
1 6582
1 6606
1 6613
1 6626
1 6631
1 6651
1 6657
1 6666
1 6677
1 6685
1 6696
1 6700
1 6703
1 6710
1 6717
1 6726
1 6732
1 6761
1 6766
1 6778
1 6780
1 6788
1 6793
1 6794
1 6812
1 6843
1 6845
1 6846
1 6876
1 6890
1 6906
1 6935
1 6946
1 6947
1 6964
1 6971
1 6972
1 6984
1 6997
1 6999
1 7005
1 7011
1 7014
1 7064
1 7072
1 7082
1 7096
1 7097
1 7110
1 7121
1 7125
1 7129
1 7137
1 7145
1 7155
1 7161
1 7185
1 7191
1 7202
1 7203
1 7213
1 7227
1 7296
1 7315
1 7335
1 7340
1 7342
1 7344
1 7361
1 7375
1 7376
1 7381
1 7388
1 7394
1 7427
1 7447
1 7459
1 7476
1 7480
1 7520
1 7552
1 7554
1 7564
1 7566
1 7589
1 7598
1 7601
1 7617
1 7629
1 7630
1 7634
1 7643
1 7644
1 7656
1 7658
1 7661
1 7669
1 7696
1 7716
1 7718
1 7789
1 7798
1 7802
1 7803
1 7805
1 7830
1 7831
1 7832
1 7837
1 7842
1 7853
1 7869
1 7913
1 7921
1 7950
1 7969
1 7972
1 7978
1 7982
1 7983
1 7991
1 7992
1 7993
1 8011
1 8034
1 8047
1 8048
1 8054
1 8057
1 8071
1 8086
1 8087
1 8096
1 8097
1 8099
1 8106
1 8107
1 8117
1 8123
1 8140
1 8175
1 8178
1 8186
1 8193
1 8200
1 8205
1 8214
1 8222
1 8223
1 8239
1 8243
1 8244
1 8245
1 8248
1 8249
1 8252
1 8254
1 9126
1 9131
1 9137
1 9151
1 9152
1 9177
1 9206
1 9224
1 9263
1 9279
1 9289
1 9292
1 9297
1 9302
1 9303
1 9316
1 9335
1 9340
1 9347
1 9361
1 9417
1 9418
1 9438
1 9450
1 9453
1 9467
1 9471
1 9486
1 9490
1 9495
1 9497
1 9498
1 9503
1 9507
1 9517
1 9522
1 9536
1 9559
1 9570
1 9585
1 9586
1 9588
1 9601
1 9602
1 9608
1 9609
1 9619
1 9620
1 9622
1 9642
1 9648
1 9660
1 9665
1 9667
1 9668
1 9671
1 9692
1 9693
1 9704
1 9727
1 9737
1 9764
1 9771
1 9804
1 9807
1 9809
1 9814
1 9821
1 9833
1 9864
1 9894
1 9898
1 9904
1 9907
1 9909
1 9934
1 9935
1 9950
1 9953
1 9957
1 9960
1 9962
1 9965
1 9971
1 9974
1 9975
1 9977
1 9990
1 9994
1 10015
1 10024
1 10028
1 10029
1 10044
1 10052
1 10062
1 10068
1 10074
1 10075
1 10076
1 10077
1 10088
1 10098
1 10118
1 10125
1 10128
1 10149
1 10153
1 10154
1 10190
1 10191
1 10199
1 10201
1 10210
1 10212
1 10230
1 10232
1 10249
1 10255
1 10257
1 10263
1 10275
1 10278
1 10311
1 10330
1 10337
1 10362
1 10365
1 10366
1 10382
1 10400
1 10404
1 10405
1 10419
1 10427
1 10432
1 10447
1 10493
1 10494
1 10505
1 10513
1 10522
1 10540
1 10557
1 10589
1 10594
1 10619
1 10631
1 10637
1 10641
1 10644
1 10662
1 10669
1 10678
1 10696
1 10703
1 10707
1 10709
1 10716
1 10717
1 10729
1 10730
1 10738
1 10743
1 10747
1 10761
1 10762
1 10765
1 10772
1 10773
1 10776
1 10792
1 10797
1 10798
1 10801
1 10803
1 10812
1 10830
1 10833
1 10834
1 10837
1 10842
1 10844
1 10845
1 10860
1 10862
1 10877
1 10879
1 10886
1 10887
1 10895
1 10905
1 10909
1 10912
1 10913
1 10919
1 10929
1 10932
1 10942
1 10946
1 10947
1 10966
1 10968
1 10973
1 10980
1 10993
1 10996
1 11001
1 11079
1 11091
1 11094
1 11105
1 11114
1 11122
1 11149
1 11215
1 11225
1 11241
1 11261
1 11279
1 11293
1 11297
1 11301
1 11328
1 11349
1 11351
1 11360
1 11370
1 11375
1 11379
1 11404
1 11420
1 11435
1 11437
1 11445
1 11456
1 11479
1 11483
1 11486
1 11496
1 11499
1 11504
1 11506
1 11533
1 11535
1 11542
1 11544
1 11547
1 11549
1 11560
1 11561
1 11571
1 11581
1 11584
1 11586
1 11594
1 11595
1 11600
1 11604
1 11606
1 11621
1 11627
1 11636
1 11639
1 11644
1 11645
1 11654
1 11666
1 11670
1 11679
1 11691
1 11697
1 11701
1 11702
1 11714
1 11742
1 11746
1 11756
1 11771
1 11800
1 11817
1 11833
1 11834
1 11835
1 11837
1 11865
1 11916
1 11921
1 11929
1 11934
1 11953
1 11964
1 11967
1 11969
1 11974
1 11976
1 11981
1 11982
1 11992
1 12002
1 12004
1 12011
1 12017
1 12019
1 12031
1 12059
1 12062
1 12074
1 12090
1 12093
1 12114
1 12122
1 12124
1 12131
1 12137
1 12144
1 12147
1 12149
1 12154
1 12168
1 12170
1 12182
1 12189
1 12196
1 12237
1 12256
1 12268
1 12277
1 12281
1 12291
1 12299
1 12301
1 12308
1 12312
1 12320
1 12321
1 12330
1 12351
1 12352
1 12357
1 12358
1 12360
1 12361
1 12364
1 12381
1 12384
1 12406
1 12419
1 12434
1 12456
1 12458
1 12466
1 12467
1 12479
1 12501
1 12504
1 12510
1 12518
1 12526
1 12535
1 12544
1 12547
1 12549
1 12551
1 12555
1 12560
1 12586
1 12589
1 12602
1 12603
1 12604
1 12611
1 12627
1 12632
1 12646
1 12648
1 12669
1 12677
1 12682
1 12683
1 12715
1 12719
1 12725
1 12731
1 12732
1 12738
1 12742
1 12751
1 12753
1 12755
1 12765
1 12766
1 12786
1 12791
1 12794
1 12802
1 12806
1 12810
1 12811
1 12815
1 12817
1 12822
1 12823
1 12824
1 12828
1 12830
1 12832
1 12834
1 12837
1 12838
1 12843
1 12845
1 12851
1 12853
1 12857
1 12858
1 12865
1 12872
1 12885
1 12888
1 12891
1 12896
1 12897
1 12900
1 12907
1 12910
1 12917
1 12921
1 12922
1 12929
1 12940
1 12941
1 12963
1 12967
1 12969
1 12973
1 12975
1 12983
1 12984
1 12985
1 12986
1 12989
1 12994
1 12997
1 13061
1 13063
1 13069
1 13077
1 13083
1 13088
1 13089
1 13090
1 13092
1 13093
1 13202
