3 3 13202 13203 10707
3 2 13202 1799
3 2 10707 7869
3 6 4833 13091 10679 12661 10694 13090
3 4 4833 13091 10679 1830
3 4 4833 13091 4848 7869
3 4 13090 10694 12661 1830
3 3 1830 13069 7869
3 2 7869 3606
3 2 7696 10703
3 2 7696 7830
3 2 10703 7830
3 3 1408 1393 7259
3 7 1408 1393 4385 10258 10228 10548 1799
2 5 1408 1393 10273 1737 10644
3 12 1408 4428 7753 1320 10327 4747 10690 12155 7255 3513 4328 12281
3 4 1408 4428 10157 7315
2 4 1799 10548 12571 10644
2 3 917 1411 10644
3 3 917 7858 7766
3 2 917 4678
1 3 3010 7787 4765
2 3 3010 7787 3706
2 3 3010 515 6726
2 2 3010 7766
2 7 4765 7820 12578 10198 1320 7414 7315
2 2 4765 3706
1 2 4765 1262
3 3 3706 10684 6726
2 2 3706 1262
3 10 3706 7718 1857 1854 7820 12578 10198 1320 7414 7315
3 2 6726 3498
3 12 6726 10684 10552 10593 1857 1854 7820 12578 10198 1320 7414 7315
2 7 1262 7820 12578 10198 1320 7414 7315
3 5 12603 10611 11440 9669 3498
3 4 12603 12663 3481 736
3 12 12603 3769 10552 10593 1857 1854 7820 12578 10198 1320 7414 7315
3 3 12603 4759 10709
3 21 4695 3800 12682 12636 4218 12688 4790 1873 11667 12597 12693 6827 1719 3699 4029 9678 703 4834 4166 9657 12357
3 3 4695 6779 3498
3 2 4695 10585
3 2 3498 736
3 13 3498 9669 11440 10552 10593 1857 1854 7820 12578 10198 1320 7414 7315
3 20 736 10656 12636 4218 12688 4790 1873 11667 12597 12693 6827 1719 3699 4029 9678 703 4834 4166 9657 12357
3 5 4872 4426 9615 6728 7782
3 15 4872 1873 11667 12597 12693 6827 1719 3699 4029 9678 703 4834 4166 9657 12357
3 4 4872 4426 4875 11571
3 2 7185 10585
3 2 7185 7782
3 3 7185 5239 2947
3 3 7185 10605 4753
3 4 7185 10605 763 3736
3 2 10585 7782
3 2 10585 2947
3 19 7782 12636 4218 12688 4790 1873 11667 12597 12693 6827 1719 3699 4029 9678 703 4834 4166 9657 12357
3 5 7782 6728 9615 763 3736
3 7 3775 9583 11569 6662 11602 3640 9467
3 6 3775 6607 779 11725 9711 9667
3 2 3775 3763
3 5 3775 6797 9580 11567 3605
3 2 4753 3736
3 15 4753 761 7794 4775 7899 6767 1734 7776 1849 9678 703 4834 4166 9657 12357
3 12 11571 1769 6767 1734 7776 1849 9678 703 4834 4166 9657 12357
3 2 11571 3736
3 7 9467 3640 11728 6662 11585 3608 3605
3 7 9467 6510 6676 9634 3661 3635 3778
3 19 9467 6510 10249 11902 4784 1782 10718 4775 7899 6767 1734 7776 1849 9678 703 4834 4166 9657 12357
3 4 9667 722 11695 3763
3 3 9667 9724 6710
3 6 3763 6607 9585 11728 3640 9467
3 3 3763 749 11654
3 3 3605 6630 3778
3 4 3605 6625 4270 4345
3 6 3605 6625 598 9754 11722 9693
3 14 3778 1341 12205 10249 9480 7366 12582 5205 751 709 4738 4166 9657 12357
3 2 4345 9601
3 3 4345 4417 10230
3 6 4345 7345 11662 10381 11722 9693
3 16 1356 12223 4419 10700 12205 10249 9480 7366 12582 5205 751 709 4738 4166 9657 12357
3 2 1356 12149
3 15 9601 7435 10700 12205 10249 9480 7366 12582 5205 751 709 4738 4166 9657 12357
3 3 9601 7291 12149
3 3 9601 4417 10230
3 16 12149 12223 4419 10700 12205 10249 9480 7366 12582 5205 751 709 4738 4166 9657 12357
3 3 12149 10320 10230
3 4 12149 7433 1284 12291
3 4 10230 10174 1284 12291
3 2 10230 7629
3 3 10230 10481 733
3 3 10230 6719 3732
3 6 12291 1284 10174 12202 6719 3732
3 6 12291 10247 4287 634 12289 1424
3 3 1424 7304 7644
3 8 1424 4285 4342 1619 1338 12459 7462 3732
3 2 7361 7644
3 3 7644 10244 4430
3 2 1426 3208
3 11 7315 12214 10327 4747 10690 7865 4826 10305 12134 10422 4607
3 6 7315 7386 10271 12211 4380 12281
3 10 12281 528 11733 3471 6665 3588 9697 9713 710 4607
2 3 3840 6861 6876
3 5 3840 986 6881 11859 9814
2 15 6876 6694 6699 9713 9697 3588 4331 10305 4826 7865 10690 4747 10327 12214 7315
2 5 6876 4518 9911 9855 9814
2 3 6876 1432 4607
2 5 6876 1432 4521 12399 7827
2 6 6876 4518 9911 941 1651 4799
2 9 6876 4518 9911 941 10387 12303 4727 8115 853
1 9 6876 4518 9911 941 10387 12303 4727 11814 12765
3 5 12124 12673 10327 12214 7315
1 5 12124 3781 10602 1789 12535
2 11 12535 1789 10556 9616 12553 7865 10690 4747 10327 12214 7315
2 7 12535 9695 7756 1862 12134 10422 4607
1 3 12535 10582 4865
1 3 12535 12651 1815
1 3 12535 10672 4741
3 3 4607 4736 7827
2 7 4607 10422 12134 1862 7756 10651 4865
3 4 7827 10591 7879 4799
2 5 4799 7879 10591 10651 4865
2 8 4799 7879 12573 10662 4742 7764 7999 9792
2 3 4799 11814 12765
3 5 4865 4668 10535 3869 4723
2 6 4865 4668 1756 7684 7999 9792
1 4 4865 7888 7688 1815
3 6 853 8115 7986 823 11757 9814
2 3 853 1793 12765
3 11 12765 6897 1972 10914 7920 3834 10783 7986 823 11757 9814
3 10 4975 1972 10914 7920 3834 10783 7986 823 11757 9814
3 3 4975 3883 12791
3 6 4975 12684 2102 12624 7762 10798
3 9 12791 5044 7920 3834 10783 7986 823 11757 9814
3 4 1827 1658 868 9792
3 14 1827 12642 1809 12627 12552 1972 10914 7920 3834 10783 7986 823 11757 9814
3 3 1827 7780 4723
3 4 1827 7780 4760 4749
3 6 1827 12642 12570 4814 10340 4740
3 11 9792 10645 1972 10914 7920 3834 10783 7986 823 11757 9814
2 5 4723 10640 12561 7688 1815
3 4 4723 4794 7745 1747
3 2 4723 4749
2 5 1815 10711 4610 4820 1747
1 3 1815 12651 4741
2 3 1815 12651 1851
2 10 4741 1736 7779 1854 7820 12578 10198 1320 7414 7315
2 2 4741 1851
3 4 1851 7760 10587 1747
3 5 1851 7760 10587 4839 3750
3 2 1836 10709
3 2 1836 3750
3 5 1836 4772 10685 10719 1867
3 14 10709 4759 7883 4863 10624 10593 1857 1854 7820 12578 10198 1320 7414 7315
3 2 3750 1747
3 6 1747 1875 7771 12516 7852 12586
3 3 1747 7745 4749
3 5 12586 1683 12516 7840 4749
3 3 12586 9892 1678
3 8 4749 4760 4830 10606 3708 10676 4757 1352
3 5 1352 4757 10676 9892 1678
3 3 1352 7892 4740
3 3 1352 9802 2043
3 3 1352 9802 1534
3 4 1352 7834 1564 12361
3 3 1352 7834 10717
3 15 4740 10340 4586 1738 12627 12552 1972 10914 7920 3834 10783 7986 823 11757 9814
3 3 4740 11802 10798
3 4 4740 4811 1806 2043
3 4 10798 7904 1806 2043
3 8 10798 9822 8025 9829 10778 805 10504 10337
3 5 10798 9822 11743 2082 3960
3 8 2043 6803 7945 9829 10778 805 10504 10337
3 2 2043 4567
3 2 2043 1534
3 3 10337 12341 1927
3 4 10337 10504 10861 3960
3 8 10337 7628 12486 4577 6968 5001 7485 12458
3 4 1927 5022 10861 3960
3 2 7552 1453
3 3 1453 7524 4464
3 3 12458 12778 4567
3 2 4567 1534
3 11 1534 10370 12463 12346 4540 10586 4402 6974 4988 12568 9727
3 3 1534 1564 12361
3 11 12361 1523 4569 4449 4540 10586 4402 6974 4988 12568 9727
3 2 12361 10717
3 13 10717 10391 7607 1523 4569 4449 4540 10586 4402 6974 4988 12568 9727
3 4 10717 10391 10516 1678
3 5 10717 10391 10516 1586 7458
3 2 1678 7458
3 3 1866 9880 1867
3 5 1866 4807 4664 10341 12456
3 20 12357 9657 4166 4738 709 751 5205 12582 602 777 10718 4775 7899 6767 1734 12693 10618 10685 4772 1836
3 2 12357 12456
3 2 12357 9450
3 2 12456 12312
3 2 9450 12312
3 4 9450 9682 10461 1655
3 10 9450 6713 9653 870 11791 11760 6855 3853 9825 6890
3 5 12312 12368 7611 720 1655
3 5 1655 4508 1604 954 7831
3 4 1655 4508 12437 1595
3 4 7831 954 11635 11621
3 4 7831 954 10727 6696
3 7 7831 10586 4402 6974 4988 12568 9727
3 3 1595 10448 11621
3 9 1595 9796 831 11776 11760 6855 3853 9825 6890
3 4 11621 1881 4527 4601
3 2 11621 6696
3 5 11621 1881 4527 1445 9727
3 11 6710 11656 691 11637 870 11791 11760 6855 3853 9825 6890
3 4 6710 6769 6782 11714
3 2 6710 11669
3 3 6710 11656 3685
3 11 11714 11685 695 11637 870 11791 11760 6855 3853 9825 6890
3 4 11714 6782 6769 11669
3 3 6890 9825 3685
3 4 6890 6874 9808 3829
3 8 6890 6874 9808 6850 801 3941 10343 3823
3 3 6890 4442 11800
3 5 3685 659 11791 11776 4601
3 5 4601 9775 9760 7528 3829
3 3 4601 1445 9727
3 5 3829 7528 971 7547 9727
3 5 3829 801 3941 10343 3823
2 4 3829 7528 10441 6971
3 3 6696 1445 9727
3 7 9727 1582 10657 10909 968 9996 12384
2 5 9727 12637 9779 7558 1506
2 3 9727 12637 6971
3 6 12501 12670 6974 4988 12568 9727
3 4 12501 10824 10615 7797
3 3 4464 7668 7480
3 14 492 7422 1587 11717 4510 1646 4625 4540 10586 4402 6974 4988 12568 9727
3 3 492 4756 7480
3 4 492 7640 10380 10407
2 5 492 7422 11509 9996 12384
3 5 7480 10520 10352 10380 10407
3 5 10407 12325 12498 10492 12384
3 9 7388 1584 1572 12381 1480 10437 7118 638 12384
3 15 12384 9996 12803 10192 10753 7464 1646 4625 4540 10586 4402 6974 4988 12568 9727
2 6 12384 5090 9949 1485 7527 10029
1 4 12384 5090 9967 7643
3 2 7202 10029
3 5 7202 10047 11927 10051 1132
3 6 7202 1547 10465 7118 638 12384
3 8 10029 3994 7118 638 10492 7583 860 492
2 4 10029 3994 1485 7643
3 7 4168 12054 7083 7138 7134 7012 10029
3 2 4168 1132
3 5 4168 11783 3925 11841 3823
3 3 4168 6943 788
3 7 1132 10051 7083 7138 7134 7012 10029
3 2 3823 6846
3 3 3823 11738 788
3 6 3823 11873 6958 9923 3802 11800
2 4 3823 11841 10412 1506
3 4 6846 865 11738 788
2 6 1506 10343 6958 9923 3802 11800
1 4 1506 7466 7588 6971
1 5 1506 10439 10468 10495 7643
3 5 6971 7588 7646 10343 3823
3 2 6984 3957
3 3 6984 9758 6845
3 4 6984 822 11785 9804
3 5 3957 6929 11888 11873 3823
3 4 6845 6869 11785 9804
3 4 6845 3863 6882 3878
3 5 11817 862 9820 6869 6845
3 3 11817 6885 9804
3 5 11817 702 3880 880 11800
3 4 11817 3697 11650 6717
3 4 11817 9836 9664 11654
3 7 9804 11785 9820 11799 3863 6882 3878
3 5 9804 847 3850 880 11800
3 8 11800 11789 9789 6823 6929 951 873 3823
3 5 9864 11900 11782 6882 3878
3 2 3878 859
3 4 3878 6911 3806 9693
3 5 3878 3894 9774 11660 6717
3 3 3878 9847 9850
3 4 9693 9673 11660 6717
3 3 9693 1436 9708
3 3 9693 3806 9850
3 5 9693 3806 718 715 6732
3 5 9693 3806 11665 4445 7629
3 6 6717 11660 706 3693 3863 6845
3 5 6717 11650 11680 9664 11654
3 2 6717 9708
3 5 11654 6707 9662 6899 11800
3 6 9708 6916 9754 10381 4445 7629
3 4 9850 908 3710 6732
3 3 6732 3712 733
3 6 7629 4445 9675 718 715 6732
3 3 7629 10481 733
3 6 733 3712 715 718 3806 9693
3 2 733 3732
3 4 3379 3242 3359 11293
3 5 11371 11238 369 3359 11293
3 5 7394 11237 285 7377 11293
3 9 6395 6320 9314 11299 351 11270 9397 6268 6318
3 6 377 3241 6301 3301 3205 6318
3 3 377 6378 3369
3 2 6384 6318
3 2 6318 9315
3 4 11297 9269 9379 6318
3 4 11297 9269 11382 9315
3 3 11297 9250 3353
3 2 9315 6237
3 3 9297 11345 6318
3 2 9297 6270
3 3 9297 11345 6237
3 4 6270 6221 9239 6103
3 3 6270 7239 3369
3 5 3353 9322 296 11221 6103
3 5 3353 9322 3287 271 221
3 3 221 11374 6103
3 4 3369 6221 9239 6103
3 4 6103 11333 13070 3501
3 7 3501 13070 507 9239 9268 11279 6237
3 3 6489 507 6103
1 7 3022 6118 3096 9216 11100 9127 188
3 20 3022 6038 11118 6207 202 9068 77 6195 11114 9054 3063 3375 3286 6406 3386 3307 6412 9362 6345 9279
3 42 22 3016 11077 3040 6107 3082 3058 6130 3145 192 3034 3132 9126 6214 173 6152 9095 9171 11187 11148 3039 46 9154 6129 6010 11053 6147 9182 3070 9218 3141 9054 3063 3375 3286 6406 3386 3307 6412 9362 6345 9279
3 14 22 3016 11077 3040 6107 3082 3058 6208 11060 3095 11155 9226 3104 9108
3 9 22 3016 76 9128 11169 203 11115 3193 11125
1 5 188 3090 3188 3114 122
2 22 188 3180 6204 6136 9032 11135 11028 3021 6160 179 9138 147 69 11070 295 6331 3386 3307 6412 9362 6345 9279
2 7 122 6145 9170 3059 6080 9204 14
2 21 122 3114 9047 11037 27 9157 3021 6160 179 9138 147 69 11070 295 6331 3386 3307 6412 9362 6345 9279
3 2 14 6115
2 19 14 9204 144 9157 3021 6160 179 9138 147 69 11070 295 6331 3386 3307 6412 9362 6345 9279
3 16 6115 11078 6160 179 9138 147 69 11070 295 6331 3386 3307 6412 9362 6345 9279
3 2 6115 3171
3 12 3171 11151 69 11070 295 6331 3386 3307 6412 9362 6345 9279
3 5 3171 11151 171 6310 383
3 5 11091 3045 11147 11040 9151
3 4 11091 3182 9149 6050
3 3 11091 6127 35
3 21 9151 9035 11123 6010 11053 6147 9182 3070 9218 3141 9054 3063 3375 3286 6406 3386 3307 6412 9362 6345 9279
3 34 9108 6083 6161 3100 6200 3138 3044 9134 9095 9171 11187 11148 3039 46 9154 6129 6010 11053 6147 9182 3070 9218 3141 9054 3063 3375 3286 6406 3386 3307 6412 9362 6345 9279
3 5 9108 6165 6125 9147 11125
3 6 6050 161 11082 11188 9185 35
3 5 11380 11082 11188 9185 35
3 14 11380 9308 9209 6188 3063 3375 3286 6406 3386 3307 6412 9362 6345 9279
3 5 11380 9393 11289 11311 242
3 14 35 9185 9209 6188 3063 3375 3286 6406 3386 3307 6412 9362 6345 9279
3 4 383 3386 9251 242
3 6 383 3307 6412 9362 6345 9279
3 6 242 9410 11231 9362 6345 9279
3 4 242 11280 11327 11215
3 17 9279 6345 9362 6412 3307 3386 6331 295 3375 3063 9054 3141 9218 114 11197 9193 35
3 6 9279 11376 6120 11160 11327 11215
3 3 9279 6345 6287
3 6 11215 329 299 3229 11390 11380
3 11 158 120 82 3115 3073 9074 9119 11096 134 170 94
3 4 158 11081 11164 11125
3 6 158 6212 9106 11199 9104 11076
3 7 158 11121 195 66 3172 11065 3122
3 12 11125 124 162 9223 6179 6045 3073 6134 11024 6146 193 11076
3 12 11125 124 6087 6137 3156 9158 9074 9119 11096 134 170 94
3 13 9206 6186 3061 3161 204 67 6163 9160 3119 6138 9038 6013 3122
3 5 9206 11162 52 3131 37
3 9 9206 11162 3050 6150 3187 3030 9061 6156 11076
3 14 9206 11162 3050 6150 3187 3133 11046 11156 2998 157 3071 11175 6021 94
3 13 9206 11162 3050 6150 3187 3133 11046 6153 9231 11092 155 11212 11094
3 4 9206 9100 3060 3151
3 10 9206 11162 3050 6150 3187 6052 9176 9078 2994 11159
3 4 37 6033 6156 11076
3 11 37 3013 11043 9163 9056 11033 3119 6138 9038 6013 3122
3 9 11076 11141 6078 9219 11144 9166 63 11065 3122
3 9 11076 193 3185 80 6098 11054 6096 170 94
3 10 11105 6144 67 6163 9160 3119 6138 9038 6013 3122
3 4 11105 9129 9194 3083
3 6 3083 6066 169 3117 11126 3122
2 4 3152 567 83 3174
3 4 3174 11291 9501 10493
3 3 9340 9240 10493
3 3 10493 7482 310
3 5 310 11358 11342 9295 3320
3 4 310 11358 9246 9438
3 4 310 6459 3219 6326
3 3 3320 327 6296
3 3 3320 9404 9438
3 3 3320 9274 3393
3 2 3320 6413
3 3 6296 9357 9438
3 6 6235 3341 3277 11251 317 6389
3 4 6389 3231 3368 9347
3 3 6389 6257 9320
3 4 6389 11331 11305 321
3 7 6287 6393 3260 3325 11251 317 6389
3 2 391 9498
3 9 9498 3262 11419 13068 11519 6537 3488 3547 587
3 2 6496 11456
3 7 6496 9574 11519 6537 3488 3547 587
3 3 6496 6500 3444
3 2 11456 3444
3 4 11456 9363 11346 6535
3 5 9335 11318 11264 11233 6535
3 2 516 3516
3 2 516 9536
3 2 516 9536
3 9 6446 6560 6598 13068 11519 6537 3488 3547 587
3 2 6446 11483
3 2 3516 9536
3 6 3516 11519 6537 3488 3547 587
3 3 3516 9444 9418
3 3 3516 13081 9472
3 10 9536 3576 6560 6598 13068 11519 6537 3488 3547 587
3 2 9536 11606
3 2 9536 11606
3 6 9418 6583 11435 11470 3547 587
3 3 9418 3560 3546
3 2 11483 11606
3 4 11420 454 3402 11549
3 4 11420 6585 9534 11506
3 3 11549 3447 11606
3 2 11549 9472
3 3 11549 11518 11506
3 7 11549 9561 6585 6569 9578 6599 11535
3 3 11606 3447 9472
3 2 9472 3546
3 5 9503 549 3629 11502 9559
3 3 9503 1346 521
3 3 9503 549 11531
3 2 9503 6542
2 5 9503 6712 11640 9638 9620
3 3 9559 5291 3546
3 3 9559 11502 11531
3 9 3546 5291 9505 3533 11732 551 6949 11518 11506
3 4 521 11642 6698 9642
3 6 11535 6599 9578 3549 9523 11506
3 3 3552 6572 9525
3 8 3552 3758 6536 9510 11508 9550 3579 11535
3 5 9525 11508 9550 3579 11535
3 3 11506 9523 9507
3 4 9507 6547 3534 3509
3 2 9507 512
3 9 9507 6533 9492 9478 503 527 9550 3579 11535
3 5 3652 3669 3506 11491 11506
3 3 3652 648 11794
3 2 3652 9642
3 3 9609 9625 11794
3 3 9609 6644 3655
3 3 9609 6644 6651
3 4 9609 9607 11576 590
3 2 11794 6613
3 5 11794 9625 3594 9748 590
2 3 9642 3666 9622
3 7 3495 3523 553 9578 3549 9523 11506
3 2 3495 3509
3 5 3509 3534 3549 9523 11506
3 8 11600 11616 11465 9495 11508 9550 3579 11535
3 2 11600 6657
3 4 512 3493 6688 3655
3 11 3655 9629 669 11596 3659 11613 503 527 9550 3579 11535
3 2 3655 6651
3 9 6657 655 3659 11613 503 527 9550 3579 11535
3 11 6651 3626 11869 629 3659 11613 503 527 9550 3579 11535
3 4 6651 6648 9593 590
3 3 3771 11718 755
3 4 3771 9734 6775 11702
3 5 3771 9734 11720 9717 6759
3 6 590 769 9732 11716 6786 6613
3 5 755 752 3754 769 590
3 2 755 11702
3 3 6613 780 3768
1 5 6613 9590 6639 11573 778
2 4 6613 9590 6639 6666
3 6 3768 762 11716 9732 769 590
1 4 3768 764 9745 778
3 4 3768 762 11713 958
3 4 3768 764 9738 6780
3 2 6766 11702
3 4 6766 3749 929 6759
2 5 6766 3749 11699 11697 743
3 3 11702 929 6759
3 7 11702 3948 3751 11709 3754 769 590
3 14 6759 9717 11720 6792 595 11582 629 3659 11613 503 527 9550 3579 11535
2 4 6759 3740 11697 743
3 15 743 9710 6762 9737 11565 595 11582 629 3659 11613 503 527 9550 3579 11535
2 3 743 6756 740
3 6 9898 760 11709 3754 769 590
3 3 9898 11877 958
1 3 778 9745 6780
3 2 11834 958
3 2 11834 911
3 5 958 9728 9732 769 590
3 4 958 11875 956 911
3 5 9909 3959 6975 9736 3768
2 5 9909 3959 11721 770 6780
1 3 9909 11891 3772
2 14 758 3761 6764 9719 13218 3729 9699 11684 9872 6936 9827 3820 3794 3938
2 8 758 6955 11692 729 11843 13219 726 3918
1 6 3918 918 9846 9800 3794 3938
2 4 885 11854 13220 740
1 4 857 11766 813 3816
2 3 11756 9917 6866
1 5 11756 3845 11820 896 858
1 10 11756 13221 874 877 3892 11675 11677 11692 6955 758
3 4 11851 6902 13230 6866
2 5 11851 11798 6954 7098 7183
2 2 11851 3846
1 5 11851 9819 6884 9765 3866
3 5 6866 9917 11820 896 858
2 4 6866 9839 3969 6996
2 5 6866 13230 6902 3886 3846
3 2 3938 858
2 15 858 896 939 9800 9827 6936 9872 11684 9699 3729 13218 9719 6764 3761 758
3 5 858 13224 6914 9757 11742
2 16 11742 6879 6993 6841 13227 9827 6936 9872 11684 9699 3729 13218 9719 6764 3761 758
3 4 11742 3945 9812 7213
3 5 11742 888 3891 3799 6906
3 3 3816 11737 7213
3 5 3816 790 13223 6966 6812
2 16 7213 9933 9785 6841 13227 9827 6936 9872 11684 9699 3729 13218 9719 6764 3761 758
3 4 7213 871 9896 6906
3 2 9764 6812
1 2 10024 1093
1 4 9817 889 9787 6996
1 5 9817 6924 799 3861 11805
1 4 6996 11885 924 11805
3 2 9347 9320
3 3 9320 11305 321
3 3 6377 3395 3234
3 3 6377 3395 3355
3 3 3234 247 11388
3 2 3234 3326
3 2 11388 6535
3 2 3326 241
3 5 241 336 11264 11233 6535
3 2 321 9388
3 5 321 11276 11219 375 6521
3 2 6282 3312
3 9 6282 537 3473 3572 6595 11517 11401 9414 11542
3 5 9388 3340 3258 11444 6521
3 3 6521 11444 3312
3 3 6521 9428 478
3 4 6521 3499 9456 3522
3 4 6521 3499 11545 6582
3 4 3312 3207 9496 478
3 10 3312 3207 537 3473 3572 6595 11517 11401 9414 11542
3 4 478 6441 11545 6582
3 4 478 6441 11481 3535
3 8 478 11415 3572 6595 11517 11401 9414 11542
3 2 478 9535
3 5 3522 11468 11402 6513 564
3 4 3522 6487 425 6524
3 3 6524 538 6582
3 4 6524 538 6501 3535
3 2 6524 9497
3 4 6524 3561 9524 564
3 3 6582 6487 3522
3 2 6582 3535
3 3 514 11481 3535
3 4 514 6559 3418 3585
3 5 514 6559 11432 6440 11542
3 2 514 9535
3 3 3535 9441 11404
3 5 9497 9441 9471 6559 514
3 2 9497 11404
3 6 9486 6488 6594 11417 9572 11544
3 3 9486 6444 11560
3 3 9486 6444 3423
3 3 564 9524 11445
3 2 564 11533
3 4 11445 11417 9572 11544
3 3 6568 3530 6542
3 2 6568 6555
3 5 6568 6581 9557 9572 11544
3 2 6568 589
3 6 11560 6488 6594 11417 9572 11544
3 2 11560 3423
3 2 11560 589
3 5 11531 9575 11470 3547 587
3 3 11531 9575 3423
3 2 587 9522
3 2 587 3444
3 2 587 6469
3 4 587 6570 9482 495
3 6 9522 3547 11470 11435 6583 9559
3 2 9522 3444
3 5 3444 11562 3488 6583 9559
3 2 3444 6469
3 4 3444 3512 6622 6535
3 2 6469 495
3 3 6469 6622 6535
3 2 495 6535
3 3 495 9443 11533
2 5 6542 6712 11640 9638 9620
3 2 9517 6555
3 2 9517 11499
3 7 9517 519 6934 3679 11640 9638 9620
3 3 6555 11529 11544
3 6 6555 9557 11417 3397 6549 564
3 2 708 11499
3 3 708 3705 692
2 5 708 9666 11638 9636 673
2 4 708 9666 11638 6680
3 7 11499 519 11486 3692 11640 9638 9620
2 4 11499 3690 9655 6680
3 3 11544 9416 11404
3 3 11544 561 3299
3 4 11404 586 3571 3299
3 3 11404 6470 3585
2 3 692 9652 673
3 5 692 11653 3688 6708 9665
3 5 3299 3571 9555 6418 11542
1 2 663 11604
1 3 663 11623 6680
1 2 9620 11604
1 3 9620 11590 6666
1 2 9620 9622
1 2 6666 9622
1 4 9622 6683 9638 663
1 4 673 9636 6678 6680
3 3 9648 9679 6687
3 3 9648 9661 11666
3 4 6687 9679 6690 11666
3 4 6687 9650 3684 9665
3 3 11666 9527 6552
3 5 11666 6739 3718 557 3569
3 3 11666 6739 9692
3 4 6552 6723 732 9665
3 3 6552 11525 9569
3 4 9665 11651 704 11666
3 5 9665 732 5283 9541 9569
3 3 686 9661 11666
3 2 686 11627
3 2 686 6720
3 3 11542 9429 494
3 2 11542 9569
3 3 494 9429 9569
3 4 494 583 3553 3569
3 4 494 583 421 6562
3 8 9569 9541 5283 532 9681 6725 11653 692
3 3 9569 11525 3569
3 2 3569 6562
3 4 3569 557 9539 9692
3 16 3569 11511 6576 3484 9551 9567 3583 3414 6485 3485 3545 6534 11517 11401 9414 11542
3 9 6562 421 3485 3545 6534 11517 11401 9414 11542
3 15 9692 9539 3484 9551 9567 3583 3414 6485 3485 3545 6534 11517 11401 9414 11542
3 3 9692 3716 11679
3 3 9692 3716 6720
3 17 11679 11522 3537 581 11554 9412 9567 3583 3414 6485 3485 3545 6534 11517 11401 9414 11542
3 3 11679 9676 6720
3 16 6573 3550 581 11554 9412 9567 3583 3414 6485 3485 3545 6534 11517 11401 9414 11542
2 4 6573 3581 3410 417
2 5 6573 6586 6604 466 6499
1 3 6573 6586 11691
3 4 11627 11630 9661 11666
3 3 11627 3670 6685
3 4 9660 11663 9676 6720
3 2 9660 11625
3 18 9660 9690 9537 555 581 11554 9412 9567 3583 3414 6485 3485 3545 6534 11517 11401 9414 11542
3 4 9660 684 11646 11644
3 20 6720 9676 11663 9690 9537 555 581 11554 9412 9567 3583 3414 6485 3485 3545 6534 11517 11401 9414 11542
3 3 6685 3680 11625
3 3 6685 9624 11594
3 5 11625 6703 701 3683 11627
3 2 11625 6700
3 4 11625 6670 9621 3617
3 21 3696 11659 730 3713 6751 9537 555 581 11554 9412 9567 3583 3414 6485 3485 3545 6534 11517 11401 9414 11542
3 2 3696 11644
3 4 3696 6697 6682 646
3 3 3696 696 693
3 5 3696 6697 9640 11622 9619
3 3 6700 11646 11644
3 3 6700 9621 3617
3 20 11644 699 3713 6751 9537 555 581 11554 9412 9567 3583 3414 6485 3485 3545 6534 11517 11401 9414 11542
3 4 11644 9656 679 646
2 6 646 9606 3649 6634 11583 3984
3 3 646 11787 3614
3 25 693 3694 6714 9687 746 9706 3730 11520 6751 9537 555 581 11554 9412 9567 3583 3414 6485 3485 3545 6534 11517 11401 9414 11542
3 3 693 11622 9619
3 4 693 3694 676 6679
3 4 693 3694 676 11639
2 6 9619 11592 3649 6634 11583 3984
3 3 9619 3665 6679
3 3 9619 6667 3645
3 29 6679 6709 3676 9668 711 9685 6731 11676 746 9706 3730 11520 6751 9537 555 581 11554 9412 9567 3583 3414 6485 3485 3545 6534 11517 11401 9414 11542
3 3 6679 11605 3645
3 5 6679 6709 6695 660 3663
3 2 6679 11639
3 25 6761 11689 727 9704 746 9706 3730 11520 6751 9537 555 581 11554 9412 9567 3583 3414 6485 3485 3545 6534 11517 11401 9414 11542
2 4 6761 11689 3728 11672
3 5 3645 6667 11592 11608 646
3 3 3645 6652 3630
3 5 3645 637 3639 660 3663
3 2 3630 9771
2 3 6677 9614 11597
2 28 11672 3728 744 6584 9548 727 9704 746 9706 3730 11520 6751 9537 555 581 11554 9412 9567 3583 3414 6485 3485 3545 6534 11517 11401 9414 11542
3 31 6706 3724 3707 565 3577 3407 577 9548 727 9704 746 9706 3730 11520 6751 9537 555 581 11554 9412 9567 3583 3414 6485 3485 3545 6534 11517 11401 9414 11542
2 3 6706 3704 3701
2 2 687 3701
3 32 3701 6743 9683 11686 565 3577 3407 577 9548 727 9704 746 9706 3730 11520 6751 9537 555 581 11554 9412 9567 3583 3414 6485 3485 3545 6534 11517 11401 9414 11542
3 7 9570 3545 6534 11517 11401 9414 11542
3 4 9570 6512 9511 11467
3 4 9570 3510 3460 6558
3 10 11467 9457 6512 3485 3545 6534 11517 11401 9414 11542
3 5 9535 3514 469 9414 11542
3 2 362 9263
3 5 11479 536 9494 6522 6499
3 5 11479 536 6580 11399 3559
3 5 11479 491 11427 3562 462
3 4 11479 9558 513 474
3 3 9427 11430 3497
3 13 9427 9412 9567 3583 3414 6485 3485 3545 6534 11517 11401 9414 11542
3 3 417 3410 6499
3 14 417 11398 9412 9567 3583 3414 6485 3485 3545 6534 11517 11401 9414 11542
3 3 6499 562 3458
3 4 6499 11507 9521 3559
3 2 6499 3497
2 5 6499 6522 3434 11536 11691
3 30 6499 6522 3434 6431 6483 11411 11550 3743 9704 746 9706 3730 11520 6751 9537 555 581 11554 9412 9567 3583 3414 6485 3485 3545 6534 11517 11401 9414 11542
3 4 3544 11492 548 493
3 3 3544 12562 3521
3 3 3544 467 3458
3 3 400 11357 11301
3 3 400 13206 3393
3 2 3521 3458
3 2 3521 3559
3 4 3521 9544 290 11301
3 3 3521 9544 3392
3 2 3458 3559
3 3 3458 562 3497
3 5 3559 6484 9452 6546 3392
3 6 3559 6484 9452 11441 3412 474
3 4 11370 11216 9236 6413
3 5 11370 3267 6220 6371 6326
3 5 11370 216 11322 342 9289
3 4 11301 347 13206 3393
3 3 11301 11247 3392
3 3 6780 770 3772
2 2 6788 3772
3 2 6788 6973
3 2 3780 773
3 4 773 3776 603 3604
3 4 773 3776 603 6631
3 3 3604 9598 6631
3 2 6626 599
3 2 6973 6946
3 2 6606 6793
3 4 6606 6985 1616 9907
3 2 9907 6946
3 2 11833 6946
3 6 9904 11882 963 3923 9826 819
3 3 9904 11846 923
2 3 819 9826 923
3 3 6843 9784 11837
2 4 6843 3958 955 819
2 6 11837 9856 6972 3958 11803 819
2 9 9990 12066 3901 10027 9856 6972 3958 11803 819
1 4 10074 7147 1009 4014
3 8 9627 9596 596 665 6672 11630 9661 11666
3 2 9627 599
3 4 9627 6650 3592 11581
3 3 9627 6650 3601
3 7 11581 596 665 6672 11630 9661 11666
3 3 11581 3592 3601
3 2 3601 591
3 3 3601 6614 9586
3 3 591 11564 599
3 3 591 6611 9586
3 6 11594 9611 6672 11630 9661 11666
3 3 11594 3627 9608
3 7 9608 6647 9591 9588 6619 624 11581
3 3 9608 619 3617
3 4 3924 3943 11901 591
3 3 3924 11816 9894
3 2 3924 6957
3 4 9586 6614 3596 11581
3 3 9586 3985 6957
3 8 982 11741 6799 9591 9588 6619 624 11581
3 3 982 953 9894
1 4 982 797 3609 11586
2 2 982 3922
3 3 9894 6942 6957
3 3 9894 11845 9821
3 5 6957 6983 6619 624 11581
3 3 12504 191 4515
3 3 12504 10930 10594
3 7 12504 5221 1846 10988 2176 8144 2220
2 2 3614 11586
3 2 3614 3617
2 6 11887 9756 630 3649 9606 646
1 2 11887 9771
1 3 11857 11832 3882
1 3 11857 935 949
1 3 11857 11868 9771
1 3 9809 6913 3922
2 2 9809 9821
1 5 11818 3526 6886 907 3882
2 4 3882 907 935 949
2 3 949 965 9771
3 3 9783 9919 9902
1 2 9783 11597
2 2 6550 4112
3 2 9833 11829
1 4 11829 11811 3851 947
1 2 947 856
2 4 856 981 11898 928
2 2 4112 928
1 5 4112 7130 10038 9941 11917
1 7 11747 11784 3907 6808 3951 3786 947
3 5 11747 804 11844 3807 3870
3 4 3870 921 6956 11746
2 3 10472 789 11753
1 4 10472 12376 4583 6935
2 3 10472 3564 12320
2 5 9860 876 11739 4512 12416
1 3 9860 11759 9823
3 2 6935 1636
2 3 12416 11759 9823
1 2 1086 4088
1 2 1086 7176
1 2 4088 7176
3 4 3393 318 3281 3392
3 3 3393 3366 6413
3 4 3392 6546 3412 474
3 7 6232 3203 3293 3350 6292 342 9289
3 5 6232 3203 3507 3568 3480
3 3 306 223 6354
3 4 306 11290 11220 11241
3 6 306 3362 6387 9399 287 11349
3 8 306 3297 6243 352 3345 11235 246 300
2 17 306 3210 11336 6305 3390 3335 6411 9384 9355 11368 11214 384 212 3250 9313 9330 11379
3 3 6354 11220 11241
3 2 6354 9289
2 19 6354 289 11230 11383 371 398 3390 3335 6411 9384 9355 11368 11214 384 212 3250 9313 9330 11379
3 4 11241 9323 6249 6326
3 4 11241 11220 3331 9289
3 13 11241 323 387 9353 6242 3310 6324 11097 3053 6139 11032 6174 3151
3 6 6326 6371 6220 11322 342 9289
3 11 6326 11259 6242 3310 6324 11097 3053 6139 11032 6174 3151
3 21 11691 9706 3730 11520 6751 9537 555 581 11554 9412 9567 3583 3414 6485 3485 3545 6534 11517 11401 9414 11542
3 26 462 3562 11550 3743 9704 746 9706 3730 11520 6751 9537 555 581 11554 9412 9567 3583 3414 6485 3485 3545 6534 11517 11401 9414 11542
3 5 462 438 3483 6557 6435
3 4 476 9435 3757 3575
2 2 6435 474
3 4 525 11557 6458 3480
3 6 3480 11489 11425 463 9413 11504
3 7 3480 6508 9477 6565 9542 580 3580
3 5 11504 6507 6478 6451 11561
3 4 11504 6507 9433 11437
3 6 11504 9413 11462 3520 11526 3580
3 4 11504 3557 11397 418
3 4 705 3722 568 721
2 2 705 3686
1 6 3686 6704 9677 9680 6741 11668
3 5 3575 6597 11546 574 11561
3 3 11561 6423 11437
3 5 6420 3421 6445 9430 9417
2 10 3580 11244 11283 11337 384 212 3250 9313 9330 11379
2 6 3580 457 3554 9579 11396 413
2 7 418 9556 3409 6432 9489 9552 413
2 5 3338 9041 6105 9099 3147
1 21 3338 3075 11089 3064 9101 6088 3166 6100 6110 11192 119 11158 9180 73 11180 135 9033 11134 6370 9389 11375
3 8 3338 3075 3065 183 11074 6091 11086 3164
3 4 94 6021 11212 11094
3 12 94 9045 9055 11038 3086 11137 3031 11071 6075 3157 9199 9131
3 2 3147 6192
1 21 3147 9099 154 1295 9225 6121 6 6202 11025 9232 6133 9065 3167 3066 175 3004 12 11340 9291 9389 11375
3 10 11094 6090 18 138 89 11071 6075 3157 9199 9131
3 7 11094 11212 155 11092 6094 9118 11159
3 5 9131 3175 11177 9110 3164
3 9 9131 11213 3124 129 3035 150 85 6022 333
3 6 9131 11107 2 11099 9122 121
2 14 3164 9222 6119 11035 23 9180 73 11180 135 9033 11134 6370 9389 11375
3 10 3164 9222 3099 143 3056 62 164 11099 9122 121
3 7 3164 9222 3099 143 6077 97 3190
3 5 3164 9222 9043 3135 6180
2 4 3151 6174 6197 117
3 15 3151 149 11068 9164 6095 3110 9060 194 11093 93 3085 6189 9207 11189 9131
3 11 11159 3084 9082 60 166 11036 6034 6075 3157 9199 9131
3 7 333 6022 6122 9144 11039 6101 121
3 4 333 3176 11154 9177
3 5 333 6245 11250 3358 9302
3 4 11349 9343 3215 333
3 7 11349 6264 9242 8 110 9111 9177
3 4 11349 11326 366 9302
1 9 121 3220 3116 6135 6358 11252 6370 9389 11375
3 3 121 3220 3190
3 3 10612 4719 4677
3 4 10612 4792 10708 10578
3 7 10612 12690 4745 10638 1502 12485 4506
3 6 10612 7743 7697 1776 7873 7832
2 13 117 71 6035 3110 9060 194 11093 93 3085 6189 9207 11189 9131
2 6 117 71 6035 6086 9111 9177
3 9 9177 9153 11093 93 3085 6189 9207 11189 9131
2 3 6380 11282 9302
2 5 6380 6414 6348 3377 382
1 6 6380 6414 9348 6290 6396 6262
3 4 9302 3327 3263 382
1 13 9302 3358 3259 6283 9278 9356 378 9311 3202 6362 9360 6299 11375
2 4 382 3236 11347 6262
3 7 382 11300 11369 335 11384 6303 11349
3 3 382 246 300
2 4 6262 11347 3236 300
2 7 11379 11248 11294 9273 9245 11381 11351
2 8 300 11242 261 212 3250 9313 9330 11379
2 5 413 9448 9339 11323 11351
2 7 11375 3303 11344 11394 11262 11309 6248
2 11 11375 3303 11344 9407 6343 6284 11363 6329 232 396 11351
3 7 6248 6409 3360 3332 313 340 11351
3 8 6248 9258 11269 11240 257 3196 3246 6226
3 20 6248 9409 11393 11364 353 3343 3316 6339 9337 11321 365 497 3486 3330 6379 1350 7343 4283 1305 1278
3 4 3190 97 6077 6180
1 8 3190 6215 9159 9033 11134 6370 9389 11375
1 7 6180 6113 9033 11134 6370 9389 11375
3 10 11351 11296 471 6587 544 487 579 3582 3555 3529
2 6 7375 11352 7346 12203 9293 381
2 6 7375 4372 12626 206 7403 6278
2 8 7375 4372 12626 206 7431 6285 291 1278
2 6 7375 1336 6025 12527 10216 10716
2 8 7375 12216 361 3280 7320 12287 1233 9292
1 25 7375 1336 6025 3127 11111 11195 12587 7318 1307 3000 9145 11179 9155 9114 3146 6089 3167 3066 175 3004 12 11340 9291 9389 11375
2 6 11149 9370 3264 3139 3027 381
2 6 11149 6383 11354 11365 11320 6278
2 20 381 370 3363 146 11193 11133 3041 9155 9114 3146 6089 3167 3066 175 3004 12 11340 9291 9389 11375
3 4 381 305 11320 6278
2 7 6338 260 404 3394 3294 11320 6278
1 9 6338 11356 9373 6312 3197 345 6391 9286 6248
2 5 6278 6388 6323 3214 11496
3 6 6278 7403 7431 6285 291 1278
2 8 11496 3214 10301 9385 3348 9349 273 1278
2 3 11225 6275 6226
2 8 11225 11377 11256 3265 4324 4283 1305 1278
1 11 6226 6302 9338 392 9244 6357 6312 6374 3352 6327 11375
3 6 3529 498 11447 9442 11416 6794
3 4 6794 6765 11727 748
3 7 6794 11724 3746 745 742 6748 700
3 25 1278 1305 4354 12270 12128 9420 3502 11510 9526 11473 6551 3467 9487 3490 6601 9432 11523 3578 3426 9460 6492 3465 313 340 11351
3 7 1278 12130 10136 11223 12287 1233 9292
3 7 1278 1258 4265 4311 10256 4215 4261
2 4 11668 3760 9696 3720
1 7 11668 719 717 3698 9663 11647 11617
3 5 748 11696 735 11681 3720
3 9 748 3748 9707 6750 11693 11690 712 6730 700
2 6 3720 3717 6736 9691 6692 11617
2 4 7624 4463 9645 7554
2 2 7624 4458
1 3 7624 1450 11645
3 5 7554 9645 3668 6701 700
1 15 7554 6436 4534 1530 6671 6669 12441 12380 11708 1539 11674 1610 11704 10454 4901
2 19 700 6701 3682 3672 666 3667 4534 1530 6671 6669 12441 12380 11708 1539 11674 1610 11704 10454 4901
3 7 10716 7228 12567 10133 12287 1233 9292
3 5 10716 1704 10720 4846 12700
2 26 10716 10648 1771 1744 10677 12393 7712 10579 1295 9225 6121 6 6202 11025 9232 6133 9065 3167 3066 175 3004 12 11340 9291 9389 11375
3 6 9292 12157 7401 10256 4215 4261
3 16 9292 10213 10170 1775 1294 12521 4780 7800 1709 4700 10626 7722 4840 1674 7861 7789
3 7 9292 12157 7401 7429 10168 10140 12170
3 25 4261 1406 1210 12298 12128 9420 3502 11510 9526 11473 6551 3467 9487 3490 6601 9432 11523 3578 3426 9460 6492 3465 313 340 11351
3 3 4261 7341 10253
3 5 4261 10224 10196 12198 12170
3 3 12700 1659 1812
2 25 12700 7796 4774 10677 12393 7712 10579 1295 9225 6121 6 6202 11025 9232 6133 9065 3167 3066 175 3004 12 11340 9291 9389 11375
3 4 12700 12630 7867 12602
3 9 7789 12536 4866 7274 7825 1860 1733 12679 10696
3 4 7789 4789 12631 1369
3 5 7789 1718 10613 7815 4724
3 4 7789 12174 10617 4730
3 16 7789 7861 1674 4840 7722 10626 4700 12652 10600 3472 7774 4754 4813 7778 1704 10716
3 9 10696 12679 4806 7687 7825 4734 10652 12515 1369
3 7 10696 12546 4670 1309 1662 1418 1391
3 4 7837 1726 10533 4730
3 3 7837 1757 7809
2 29 7837 1784 12517 7738 4715 7768 4774 10677 12393 7712 10579 1295 9225 6121 6 6202 11025 9232 6133 9065 3167 3066 175 3004 12 11340 9291 9389 11375
3 4 7837 12672 4817 12602
3 9 1812 1768 10659 12580 1765 12510 1674 7861 7789
3 2 1812 12602
3 6 1369 1685 10580 10712 10639 4724
2 4 12611 4795 1666 4762
3 2 12611 10557
2 3 12611 7765 10589
3 4 4785 10544 7744 4724
3 2 4785 1837
3 4 4785 7707 4831 10607
3 7 4785 10544 12595 12666 10613 1718 7789
3 3 4785 7707 7805
2 3 1745 4878 10641
2 2 1745 1722
2 2 12518 12551
2 17 12518 4810 10598 1772 7871 10577 9659 4290 12263 12192 4805 7672 10722 10698 1693 12548 7832
2 5 7878 1839 1823 4744 13063
3 8 4797 12540 10661 10562 7713 4818 12691 4724
3 8 4797 1762 4837 10528 7835 1696 7860 1672
3 6 4797 7838 1829 10596 7828 1735
3 3 1672 7786 4677
3 5 1672 7860 12507 4862 4801
3 5 1672 10683 12665 10708 10578
3 5 4677 7725 10559 4832 7785
3 4 4677 4792 10708 10578
3 7 4677 4719 12622 10541 7848 10675 7832
2 5 4677 12641 1826 7854 4762
3 11 4677 12641 1826 7854 4835 12575 10524 1707 1829 7838 4797
3 5 7785 12543 7848 10675 7832
2 3 7785 10681 4762
3 4 7785 12660 7851 10678
3 9 957 6989 11750 6684 664 6686 11643 10466 12189
3 5 957 11879 6806 9897 6964
3 26 957 11879 6944 898 3929 927 9883 946 9913 7663 4572 930 1499 11903 12478 1508 3978 10499 4495 952 9776 9843 4140 12026 7109 4190
3 11 12189 10521 10215 12342 9623 10463 7670 12482 10376 11893 6964
3 8 12189 4805 7672 10722 10698 1693 12548 7832
1 4 1599 12309 4605 11645
1 8 1599 12309 4605 11674 1610 11704 10454 4901
1 3 772 11599 11617
1 12 772 3656 6669 12441 12380 11708 1539 11674 1610 11704 10454 4901
1 14 11617 11599 654 3658 6669 12441 12380 11708 1539 11674 1610 11704 10454 4901
2 3 12320 12450 6642
2 7 12320 12450 1467 1610 11704 10454 4901
1 7 6642 1467 1539 11708 12380 12441 10472
2 4 6642 4660 4755 1636
2 5 6642 4660 4825 10454 4901
2 3 7661 7495 4458
1 5 7661 1536 4614 4477 11645
1 6 7661 1536 4614 11704 10454 4901
1 3 7661 1536 12434
2 3 4458 4545 11645
1 5 11645 4477 11704 10454 4901
1 9 12434 11704 1610 11674 1539 11708 12380 12441 10472
2 3 12434 10454 4901
3 3 1896 4755 1636
3 3 1896 12861 1822
3 3 1896 12793 4901
3 5 1636 4755 4825 10454 4901
2 2 4901 4609
2 4 4609 4553 12793 1896
1 2 4580 10837
2 5 4580 7969 4553 12793 1896
1 2 5098 829
1 3 5098 12773 5050
1 8 5098 12773 8040 8125 10523 4553 12793 1896
1 2 829 5050
1 7 5050 8040 8125 10523 4553 12793 1896
2 2 10837 10922
1 9 10837 12818 5067 1982 8125 10523 4553 12793 1896
2 5 10922 7969 4553 12793 1896
1 8 2026 12756 1982 8125 10523 4553 12793 1896
1 2 2026 1963
1 3 1963 8031 4966
1 4 1963 10828 11249 10913
2 3 1963 10873 10890
2 2 8117 10797
1 2 8117 4966
2 2 8117 12832
2 3 8117 10881 4959
2 2 10797 12832
2 2 12832 4959
1 4 10913 12809 12852 10890
1 3 5029 1888 10890
1 13 5029 1521 10351 7602 8093 12818 5067 1982 8125 10523 4553 12793 1896
2 3 5029 7491 8099
1 4 5029 2000 7560 4482
2 4 10890 7990 2062 2017
1 2 5037 12883
3 3 5037 1923 8073
1 3 12883 1923 8073
2 4 8073 5006 4924 10840
1 2 8073 1920
1 2 10760 5049
3 2 5049 1947
1 3 1947 8020 10760
3 3 1947 8002 2103
2 2 2029 12821
2 4 2029 4976 4924 10840
2 3 12821 4924 10840
3 6 4333 1375 10308 1680 1418 1391
3 3 4333 7407 7335
3 9 4333 4232 10239 4281 7326 7383 4337 1303 12170
3 5 9453 7322 12254 7370 10253
3 5 9453 642 475 3593 11701
3 5 10253 4394 12227 12198 12170
3 8 1391 7741 12619 1309 4670 4685 7708 4661
3 12 1391 7741 12619 1309 4670 4685 7708 10235 1287 10292 7407 7335
3 6 1391 1229 12285 12115 1303 12170
3 8 4661 12594 4867 12635 7784 10680 12529 10619
3 6 4661 7350 1287 10292 7407 7335
3 8 10619 10550 10680 12662 10610 12590 12737 4714
2 4 1825 10408 10530 10488
2 3 1479 1614 10435
3 6 10435 12454 13207 7641 4523 11701
1 4 7775 4629 11687 12430
3 3 12430 10187 10488
2 3 8099 10357 4482
2 4 4482 5003 7448 12877
1 3 10737 10852 12877
1 2 10737 12769
1 3 12877 7984 1995
1 3 1995 2078 2017
1 3 1995 10789 12769
3 2 4045 5055
3 3 5055 12777 4299
3 2 5055 12786
3 4 5055 12777 9973 7064
3 3 5055 7938 4410
3 3 4299 9973 7064
3 3 12786 9973 7064
3 3 12786 10751 4516
3 9 12786 2005 1569 4571 4544 7593 7662 4616 11929
3 3 12786 7938 4410
3 4 7064 7334 1541 4516
3 6 10358 1444 7593 7662 4616 11929
3 5 10358 1444 7220 4062 4245
3 4 10358 1444 4204 10077
3 2 4245 10077
3 5 4245 12050 2843 4162 11929
2 5 10077 1609 7124 4162 11929
2 4 11929 11968 12010 9991
2 5 11929 9993 10416 1497 12366
2 6 11929 9993 12423 13208 10514 1581
1 3 9991 1142 12090
2 5 9991 7179 7634 10514 1581
2 4 12366 12395 10514 1581
3 6 10088 10116 12462 11978 10001 10255
2 2 4410 10801
3 3 4410 8120 1510
3 9 4410 10332 1569 4571 4544 7593 7662 4616 11929
3 12 10801 12854 10401 12375 7497 10471 4571 4544 7593 7662 4616 11929
2 3 10801 12854 4883
2 3 10801 8120 1510
3 13 4883 4557 12420 10401 12375 7497 10471 4571 4544 7593 7662 4616 11929
3 9 1510 12480 10471 4571 4544 7593 7662 4616 11929
3 3 8087 4472 12114
3 4 10311 5063 4353 12182
3 15 12114 7465 1622 12490 12420 10401 12375 7497 10471 4571 4544 7593 7662 4616 11929
2 4 3456 4003 7020 1190
2 4 1980 1147 1061 1190
3 3 9975 1144 10118
3 3 10118 1061 1190
3 3 1349 12269 12182
3 4 1349 12269 7232 10210
3 2 12182 10210
3 6 10278 7436 4420 10808 8067 7363
3 2 10278 10149
3 14 10255 10001 7090 1579 7574 12375 7497 10471 4571 4544 7593 7662 4616 11929
3 2 7363 4315
3 3 7363 10274 7447
3 3 4315 12146 1412
3 3 4315 4344 10190
3 3 4315 12275 7447
3 3 1412 7244 10190
3 3 10190 7391 7447
3 7 7447 10274 12247 10246 1268 7436 10278
3 2 7344 10201
3 3 10154 1417 12256
2 11 10154 10283 10344 1650 7034 4202 4541 7163 11966 997 9991
3 4 10154 12127 4336 1403
3 3 12256 4626 4585
2 9 12256 1650 7034 4202 4541 7163 11966 997 9991
2 3 12256 4654 1607
3 5 12256 1417 4293 12238 1403
2 5 12256 1417 4293 1253 1488
2 2 1492 4585
1 7 1492 10386 12335 7534 3999 997 9991
1 3 1492 7562 1170
1 4 1492 7469 10920 4425
2 8 4585 12449 4202 4541 7163 11966 997 9991
2 2 4585 1607
2 3 4585 1566 1170
1 4 1607 7603 2061 1170
1 4 1607 7647 7675 1488
1 7 1607 7603 4175 7974 4568 12433 4613
1 5 1607 7603 4175 7909 10776
2 5 1607 7603 4175 1990 4496
1 4 1170 12363 10920 4425
1 10 4318 1197 4087 4588 10486 12335 7534 3999 997 9991
1 4 4318 1197 8063 4425
1 9 4425 1082 12464 10486 12335 7534 3999 997 9991
2 19 1403 4408 7559 7572 10411 4582 12195 12264 10467 12460 12447 7645 1620 4596 4363 1248 7229 10309 4379
2 7 1403 12125 10193 4348 7587 4392 12122
1 8 12090 1142 7122 997 7179 1075 9993 11929
1 15 7408 10250 12195 12264 10467 12460 12447 7645 1620 4596 4363 1248 7229 10309 4379
1 2 7408 7225
1 3 7408 1427 12122
2 14 7225 10293 4251 10467 12460 12447 7645 1620 4596 4363 1248 7229 10309 4379
2 20 12122 4392 7587 4319 7338 12173 4582 12195 12264 10467 12460 12447 7645 1620 4596 4363 1248 7229 10309 4379
2 7 12122 12220 4388 1308 1281 12201 4312
2 12 4312 12201 1281 1308 10217 4275 12292 1385 1315 7295 12125 1403
2 5 4312 1337 4371 7236 12131
2 20 1488 1253 7312 7353 7572 10411 4582 12195 12264 10467 12460 12447 7645 1620 4596 4363 1248 7229 10309 4379
2 4 1488 7492 7531 4496
1 3 4613 10456 10330
1 14 4613 7218 10103 12075 1073 12065 1469 7137 7650 1597 4152 4092 11941 1047
1 5 4613 7218 9961 11909 11936
1 3 4613 12433 10776
2 4 12360 10425 12431 7601
2 4 12360 10384 10356 10330
1 3 12360 1535 1520
2 11 7601 12460 12447 7645 1620 4596 4363 1248 7229 10309 4379
2 3 10330 8045 4496
1 4 1520 10195 1302 4379
2 2 7376 7432
2 11 7376 12260 4330 10204 12150 1400 4363 1248 7229 10309 4379
2 6 7376 12260 4330 7238 7347 10232
3 3 7376 12288 4223
2 16 7432 7404 4359 1353 10177 4302 12460 12447 7645 1620 4596 4363 1248 7229 10309 4379
3 3 7432 10317 4223
3 2 4075 1185
2 13 4075 12048 1157 7093 4121 1469 7137 7650 1597 4152 4092 11941 1047
2 3 4075 10129 11936
2 13 1185 4119 1157 7093 4121 1469 7137 7650 1597 4152 4092 11941 1047
3 2 1185 11936
2 7 4379 1302 7280 12297 4397 10016 11936
3 8 4334 7380 1400 4363 1577 4554 7426 4379
3 6 4334 4405 10162 7271 12176 10232
3 3 4401 12232 10232
2 9 10232 12176 1605 1400 4363 1248 7229 10309 4379
3 7 12299 10313 4367 12271 1392 10227 7329
3 3 7342 1291 12144
2 2 7342 1364
3 14 12144 10156 12286 1366 12230 10158 10217 4275 12292 1385 1315 7295 12125 1403
3 2 12144 12131
2 3 7329 1279 12131
2 3 7329 4310 1364
2 15 12131 7236 10156 12286 1366 12230 10158 10217 4275 12292 1385 1315 7295 12125 1403
2 4 12131 1279 4310 1364
2 13 1208 12905 4216 7443 2117 5226 7299 7355 12225 12252 1416 1225 7296
2 3 1208 1304 1316
2 3 10212 12186 10199
2 14 10199 10240 12228 12243 7415 1404 4236 7299 7355 12225 12252 1416 1225 7296
2 3 1345 4364 12268
1 4 1345 1373 1533 10382
2 8 1345 1373 10294 12138 7308 12209 4320 4361
3 6 12268 10322 1274 1313 4320 4361
1 8 12268 10322 10150 12138 7440 12415 1533 10382
2 6 12168 12184 10225 12212 1373 1345
2 5 12168 1277 12181 10354 10382
2 9 4361 4320 12209 7308 12138 7440 12415 1533 10382
3 4 4361 1342 10279 7381
3 9 7381 12249 7421 4434 7642 10135 12293 4390 4608
3 3 7381 12249 1386
2 7 1386 7223 7642 10135 12293 4390 4608
3 3 1386 7223 12277
3 6 12277 7642 4434 7421 12249 7381
3 4 12277 1413 4390 4608
3 3 4608 10479 12472
3 8 12472 1209 10135 7642 4434 7421 12249 7381
3 3 12472 7654 4273
3 3 2184 12110 7296
2 4 2184 12280 10310 7227
2 4 2184 2170 4335 1316
2 12 7296 1225 1416 12252 12225 7355 7299 5226 7424 2170 4335 1316
3 6 7296 12110 10138 12280 10310 7227
2 4 1316 10282 4409 7227
2 6 7227 12955 2170 2222 12905 1208
2 4 10263 1589 10464 12330
2 3 12330 4308 12358
2 4 12330 7336 10450 4564
3 9 10153 10197 7311 10169 1289 4262 4307 1098 12358
3 2 1518 12358
2 3 1518 4537 4564
3 2 4273 7293
3 2 10191 7293
2 9 4468 7512 7487 4524 7585 1546 4552 10396 12371
1 8 12371 10990 11004 11018 12428 5135 12931 12237
2 8 12371 10423 12400 12240 1389 4393 7614 12154
3 4 4801 12686 4729 12669
3 5 4801 4862 7885 7823 10578
2 16 4801 7752 7749 12612 4655 12448 1608 12348 4495 952 9776 9843 4140 12026 7109 4190
3 3 12669 10558 7803
3 15 12669 10632 4856 4655 12448 1608 12348 4495 952 9776 9843 4140 12026 7109 4190
2 14 10578 10647 4873 4222 7648 12348 4495 952 9776 9843 4140 12026 7109 4190
3 7 10578 12557 1743 10638 1502 12485 4506
3 2 10044 12019
3 4 10044 11937 1171 4105
3 4 12019 7104 4173 4105
3 4 12019 1125 10014 7191
3 4 12019 7174 11920 12059
3 3 4105 1099 1146
3 4 4105 4173 10014 7191
3 3 4105 7120 10076
3 3 1001 4148 1146
3 5 1001 4005 4123 4082 4031
3 2 3783 1150
3 21 3783 964 892 987 11771 846 9831 11836 3877 12478 1508 3978 10499 4495 952 9776 9843 4140 12026 7109 4190
3 5 3783 6918 9854 6981 11835
3 23 4196 4169 10042 4113 11961 9984 3992 7653 10114 1036 4619 9959 4158 4079 10040 11973 12055 7200 1124 1154 7089 1184 7105
2 3 4196 7027 11986
2 4 4196 1166 12057 1006
3 5 4196 4169 10069 4099 1055
2 4 11986 7131 12057 1006
2 6 11986 7071 10010 10093 9938 9978
2 5 1006 4053 7141 4165 9978
2 5 1006 10084 12030 1053 4183
3 4 2028 5100 12327 12732
3 4 2028 10770 10899 7803
3 4 2028 5076 7997 10834
3 5 2028 2099 10750 4536 12815
3 4 2028 7971 12820 1838
3 12 12732 1630 3742 8081 10880 12356 7208 5007 6932 1603 1004 9958
3 5 12732 1630 6638 1985 5025
3 5 12732 5057 12776 12750 7803
3 3 12732 10490 12815
3 4 5025 1647 10733 1976
2 2 1047 4189
2 6 1047 12095 10080 9970 9942 4183
2 6 9978 4165 1078 1162 1202 1047
2 7 9978 9938 7182 7141 4081 1053 4183
2 7 10404 7095 1597 4152 4092 11941 1047
3 5 10404 10039 7521 7577 1474
2 3 10404 4480 12017
2 3 10404 12407 4125
2 9 1884 4085 4628 4134 1597 4152 4092 11941 1047
1 5 1884 4504 10763 11972 12705
2 3 1884 4192 1319
2 12 1474 8095 10616 4532 4085 4628 4134 1597 4152 4092 11941 1047
2 4 1474 7577 4480 12017
2 3 1474 10822 4896
3 4 1474 9939 4141 6999
3 2 7656 10098
3 2 7656 9958
3 3 7656 4066 7126
2 4 7656 10364 12012 7459
3 3 7656 4114 4144
3 2 10098 7126
3 3 9958 1139 4144
3 4 9958 4606 7571 1575
2 2 7459 7580
2 3 7459 4519 10474
3 3 4144 4058 12062
3 4 12467 7167 10462 7580
3 3 12467 7625 9934
3 2 7580 9934
2 3 7580 4009 10474
2 3 9934 4009 10474
2 5 10474 7019 8072 7948 11865
2 4 7097 10517 12310 12017
2 3 7097 13143 12350
2 5 7097 10517 7665 10006 4896
3 3 7097 13143 4156
2 4 12017 12310 7502 12350
2 4 12017 7665 10006 4896
1 3 12017 10377 4125
2 6 12350 9982 9970 1120 12095 1047
1 3 12350 7159 4125
2 3 12350 1448 4156
2 3 12350 1448 4183
3 5 4896 10822 10304 4141 6999
2 5 4525 12609 10629 12880 7803
2 6 4525 7631 10507 4469 12344 1519
2 11 4525 10424 7048 7545 1489 10397 6904 4140 12026 7109 4190
2 17 7803 12880 10629 1853 4856 4655 12448 1608 12348 4495 952 9776 9843 4140 12026 7109 4190
3 3 7014 12052 10076
3 4 11928 4091 1089 11982
2 5 7054 7007 9944 11920 12059
2 2 4156 4183
2 19 4183 7199 7172 10501 11988 4631 4619 9959 4158 4079 10040 11973 12055 7200 1124 1154 7089 1184 7105
3 16 4506 4561 1499 11903 12478 1508 3978 10499 4495 952 9776 9843 4140 12026 7109 4190
3 4 4506 1588 12618 7832
3 10 4506 1645 7526 4649 10379 7670 12482 10376 11893 6964
3 4 7832 10675 7848 10678
3 23 6964 11862 9883 946 6947 3932 3913 4642 930 1499 11903 12478 1508 3978 10499 4495 952 9776 9843 4140 12026 7109 4190
3 4 10834 12846 4536 12815
2 9 12815 10817 10787 1257 4375 10841 2067 7294 1319
3 2 1976 10257
3 4 10257 4167 10144 11865
3 3 1069 10102 12074
3 3 1069 1084 12093
3 6 1069 7189 11962 7092 1188 12062
3 6 1069 7189 11980 11944 4137 10068
3 3 7105 1184 12074
3 3 7105 1200 4205
3 3 12074 4089 12093
3 4 12093 11944 4137 10068
3 2 1519 1531
2 13 1519 12344 1203 1027 10480 7158 828 10397 952 3955 6969 11822 10068
3 4 1519 12344 12078 12062
3 5 1519 12344 12078 4093 4190
3 8 1531 1458 12356 10880 8081 3742 1630 12732
3 3 1531 1034 1575
3 9 1575 1034 1458 12356 10880 8081 3742 1630 12732
3 5 6999 4141 10304 4041 11865
3 3 6999 7240 2030
2 2 6999 12705
3 2 11865 2030
2 4 2015 7790 5016 8086
3 5 4714 7737 12671 4704 1838
3 4 4714 4788 10674 4709
3 3 4714 4849 1774
2 4 8086 7702 4770 4709
3 9 1838 4843 1781 7864 12541 7806 10704 4732 4801
3 4 1838 7732 12656 4709
3 6 1838 4843 12598 7808 7870 1774
2 5 1319 7446 10346 1383 10776
3 4 7191 4042 10034 10076
3 3 7191 10014 12059
3 3 12059 7146 1168
3 3 12059 1195 1055
3 5 1168 7146 1096 11991 7191
3 3 1168 4013 1055
2 9 1055 11947 9972 4070 10012 4113 1138 10084 1006
2 8 814 900 6969 9843 4140 12026 7109 4190
3 2 12062 4190
2 12 10068 11822 6969 3955 952 10397 828 7158 10480 4208 7000 4190
3 5 4190 4032 10022 9969 10068
3 4 4052 9790 912 11835
3 29 4052 9790 11770 6928 3981 3904 9899 800 11781 11850 6947 3932 1567 4572 930 1499 11903 12478 1508 3978 10499 4495 952 9776 9843 4140 12026 7109 4190
3 3 4052 10065 7155
3 4 4052 7171 10083 848
3 24 11835 9918 9795 9848 945 9759 3888 3913 4642 930 1499 11903 12478 1508 3978 10499 4495 952 9776 9843 4140 12026 7109 4190
3 5 7125 12040 7070 7171 4052
3 2 7125 7221
3 4 7155 11915 12040 7125
3 27 848 6928 3981 3904 9899 800 11781 11850 6947 3932 1567 4572 930 1499 11903 12478 1508 3978 10499 4495 952 9776 9843 4140 12026 7109 4190
3 2 4056 7121
3 5 4056 12060 1054 12085 11948
3 3 1092 11946 7212
3 5 1092 7050 11985 1025 7110
3 3 1092 1191 7145
3 4 7212 4197 1167 7145
3 2 7212 12031
3 6 7145 1191 7050 11985 1025 7110
3 4 7145 1167 10055 12031
3 6 3962 7532 10444 10512 7595 4646
3 3 3962 9859 6994
3 3 1117 12007 10128
3 3 1117 4122 1024
3 2 1117 4153
3 4 1117 11989 11908 1097
3 3 1117 11989 10015
3 6 10128 10032 7102 1067 11960 7072
3 4 10128 7217 7187 10125
3 2 10128 10015
3 2 1182 4188
3 2 1182 9998
3 2 1182 1097
3 7 1182 4100 7016 1113 4000 11908 10015
3 4 4188 4100 993 1097
3 2 9998 1097
3 5 9998 7157 7087 12097 10125
3 5 1097 12072 7087 12097 10125
3 2 7072 7113
3 5 7072 1051 4054 4142 10125
3 2 7072 12031
3 5 7113 1051 4054 4142 10125
3 5 12031 1136 1067 4172 10125
3 2 7110 9950
3 3 7110 4164 11925
3 6 11925 10092 7046 4179 4094 9965
3 2 1024 4153
3 5 1024 4118 1113 993 1097
3 4 9807 12056 4067 4153
3 3 9807 11847 6994
3 5 6994 3848 1063 4067 4153
3 3 10125 7187 10015
3 4 1145 11939 7166 4046
1 2 1145 4146
1 4 4046 10078 12051 11953
3 7 4046 10078 12051 7081 1160 4163 9994
3 2 7132 4116
3 5 7132 11923 1013 9964 1145
2 3 12888 7149 9960
3 2 7617 7630
3 3 7617 4624 4611
3 2 11969 9994
3 4 11969 10091 7162 11921
3 3 11921 10026 7005
2 5 7005 11957 12039 1189 1149
1 3 11964 7091 4076
2 4 11964 10005 12049 4073
2 2 12004 4073
1 3 12004 10126 9957
2 6 4073 9947 11922 4161 11970 7176
2 3 4073 10126 9957
1 2 11974 7030
1 4 11974 7144 10031 1068
1 3 7030 1080 9957
3 2 7992 5034
3 2 5034 4948
3 2 8058 2012
3 2 4989 7972
3 2 4989 12834
3 2 4948 7972
3 2 12834 12747
3 2 12751 12838
3 2 12751 10812
3 2 2012 12802
3 3 12794 8116 7930
3 2 12794 12851
3 2 12794 7983
3 2 12838 10812
3 2 12838 2044
3 2 2044 7930
3 3 2044 10788 5101
3 2 7930 12838
3 2 7930 5101
3 3 7930 7954 12851
3 3 7930 7954 7950
3 2 5101 1975
3 2 1975 2056
2 2 2056 1891
3 4 9152 4897 4978 1473
3 2 9152 3181
3 3 9152 2081 3123
2 5 1993 8078 11012 5054 2080
3 2 1473 3181
3 4 1473 4978 4897 3123
3 7 3181 1883 13211 8078 11012 5054 2080
1 2 12806 10743
1 3 10743 10784 2088
1 2 10743 1914
1 4 2088 12862 4918 1914
1 2 2088 2046
1 4 1977 10902 7989 2046
3 3 4033 10908 10877
3 3 4033 10857 5084
3 2 10877 2096
3 2 2096 8223
1 2 5041 4985
3 7 12812 4995 11014 12927 5079 11145 8223
1 4 12812 12757 5068 10833
3 2 12991 2063
3 8 12991 10928 8164 11014 12927 5079 11145 8223
3 6 2063 11014 12927 5079 11145 8223
2 6 10833 5068 1905 1964 2020 12991
1 2 10833 10777
3 3 10777 8124 4985
3 2 12747 12858
3 2 12858 12802
3 3 12858 1909 2038
1 2 8006 10762
3 2 10803 10762
3 2 10803 5013
3 2 10803 5013
3 2 10803 12742
3 2 10803 12742
3 2 5013 12742
3 2 8071 12851
3 3 8071 10836 7950
3 2 8071 8096
3 2 12851 7950
3 2 12851 7983
3 2 10862 12742
3 2 10862 12742
3 2 1951 12843
3 2 1951 10919
3 2 10919 2050
3 2 2050 4952
2 2 12731 12817
1 2 4952 12900
3 2 4952 8034
1 2 12900 8034
3 2 4952 8034
2 3 6039 5036 8244
2 2 6039 2080
2 2 6039 9137
2 2 6039 7978
2 2 6039 7978
1 2 2080 9137
2 2 2080 8244
2 3 2080 3109 6008
1 2 9137 7978
3 3 12830 11108 1974
2 3 12830 11108 3165
2 2 12830 6008
2 2 12830 12824
3 5 1974 8078 11012 5054 2080
3 2 1974 5084
3 2 3165 5084
2 2 3165 12824
2 2 5139 8244
2 3 5139 10948 2080
1 2 8107 5008
2 2 6008 12824
2 2 10968 2115
1 2 10968 8219
2 3 7716 4128 12896
2 3 7716 2024 1731
3 12 7716 9986 12795 1968 12677 5199 5221 1846 10988 2176 8144 2220
1 3 12896 12945 8219
3 12 12896 10025 7548 1968 12677 5199 5221 1846 10988 2176 8144 2220
2 3 1731 1929 12907
2 3 1731 10858 7161
2 3 4515 1817 12907
3 9 4515 12677 5199 5221 1846 10988 2176 8144 2220
3 3 4515 1817 10594
2 2 12907 7161
3 6 12907 1846 10988 2176 8144 2220
2 2 7161 4941
2 3 7161 10858 8048
2 3 7161 10766 1950
2 4 4941 1181 12847 1950
3 4 4941 1181 3854 12989
3 3 4941 1181 9962
3 2 4941 2220
2 4 8048 10951 10883 12824
2 2 8048 1950
2 4 12824 12741 2073 1950
2 2 2115 12975
3 12 8219 12981 7548 1968 12677 5199 5221 1846 10988 2176 8144 2220
3 2 5158 10966
3 12 5158 12981 7548 1968 12677 5199 5221 1846 10988 2176 8144 2220
2 3 12985 8138 10966
2 2 12985 12921
3 2 10966 2126
3 2 2126 4735
3 11 2126 7548 1968 12677 5199 5221 1846 10988 2176 8144 2220
3 3 4735 1552 8054
3 2 4735 10538
3 2 4735 12519
3 2 8054 10538
3 9 8054 12677 5199 5221 1846 10988 2176 8144 2220
3 2 10538 7872
3 6 10594 1846 10988 2176 8144 2220
3 3 12989 7088 8223
3 2 12989 12929
3 2 8223 12929
2 2 12929 5160
3 4 1939 10962 11145 8223
2 2 1939 10860
3 3 1939 6020 10761
1 2 10860 5160
1 3 10860 11017 10932
2 3 5160 11145 8223
2 2 5210 10976
2 4 5210 5224 2206 10932
3 7 10976 12941 11014 12927 5079 11145 8223
2 2 10976 10761
3 7 10761 12927 8133 8062 8019 11145 8223
3 3 9962 3854 12989
3 2 9962 2220
2 3 9962 4171 10932
2 3 2220 4171 10932
2 5 2196 8183 5224 2206 10932
2 2 2196 8182
3 2 2196 8205
2 3 8182 8201 2202
1 2 10845 12967
1 2 12967 5180
2 2 12967 8205
2 5 12967 10988 2176 8144 2220
1 2 5180 10932
2 3 5180 12911 8205
2 7 5180 10988 1846 5221 5199 12677 4515
3 5 10932 4171 3854 7088 8223
2 3 10932 12911 8205
1 2 5177 2151
1 2 2180 12908
1 2 2123 2202
1 3 2202 2217 2159
2 2 12908 12986
3 6 12986 13209 10988 2176 8144 2220
2 2 10929 7842
1 2 7842 2151
2 2 4851 2151
3 2 4851 12963
3 2 8214 12940
3 2 8214 2213
3 2 12963 12940
3 3 12921 10978 2207
3 2 2207 2229
3 3 12589 10415 12419
3 2 12547 12589
2 2 12547 4822
3 2 12547 4696
2 3 4822 12692 12589
2 2 4822 12419
2 2 4822 4696
1 2 4822 4584
3 3 12419 1509 5203
2 3 5203 1509 5231
3 4 5203 1509 10668 2213
2 2 4696 4584
3 2 4696 1833
2 2 4584 1833
1 3 4584 12648 2213
1 2 4584 5231
2 5 1833 7576 4556 12648 2213
1 5 12064 2171 10566 1688 5177
1 2 5231 2213
1 2 10400 2213
1 2 10400 2213
1 3 2213 5217 5106
1 3 5106 1688 5177
2 2 5128 8188
2 3 8180 12956 2200
2 4 8180 11015 5185 8188
3 2 10848 8012
3 6 10848 10765 13214 12827 12745 10830
3 9 8012 2069 12833 13215 12461 1562 7517 11757 9814
3 5 8012 5071 12827 12745 10830
3 3 10830 2037 8097
3 2 10830 12897
3 11 10830 12745 12827 5071 7920 3834 10783 7986 823 11757 9814
3 9 8097 5044 7920 3834 10783 7986 823 11757 9814
3 3 8097 2037 12897
3 3 12897 2104 12811
3 2 12835 12721
3 3 7921 4946 8057
1 2 5052 2008
3 4 12810 10732 8079 5021
2 3 12810 8089 1965
2 2 12810 10773
2 2 2008 4887
1 2 2008 2011
3 2 2051 4887
2 2 4887 12755
1 2 1965 12755
3 3 1965 10832 10730
1 2 2011 12755
3 3 12755 10832 10730
1 2 10773 12712
2 2 10773 10730
3 2 12712 10730
3 3 12712 8236 12753
3 2 1900 12753
3 4 12753 2021 10889 12810
3 2 10886 12753
2 2 10886 13085
3 2 10886 12823
2 3 13085 10842 12753
1 2 13085 2077
3 4 2077 4991 10842 12753
3 2 12823 13093
3 3 12823 8017 12865
3 2 13093 12865
3 2 12865 10728
1 2 12738 10728
2 4 10728 2031 8017 13093
2 6 13087 1988 2075 2031 8017 13093
3 3 12828 10906 12885
2 2 12885 4980
1 2 10747 2023
1 2 10747 5026
2 3 2023 4969 10494
2 3 2023 12703 1937
3 4 10494 4969 10864 1937
2 2 10494 12872
1 3 1937 12845 10747
3 2 7991 8047
1 2 2007 5026
2 2 12798 8047
1 4 12798 5051 11020 5120
1 2 5120 10942
2 2 8213 12869
1 2 8213 13083
1 2 8213 8185
3 3 8199 5190 12983
3 2 12997 2225
3 2 12997 12983
3 3 2225 5202 2210
2 2 2182 2210
3 3 12994 5146 2174
2 2 10947 10513
2 2 10947 5167
2 4 10947 11008 8181 8239
2 4 5131 10952 13195 5230
3 2 5131 2174
2 3 5179 12930 2174
1 3 5179 12979 5229
2 4 2174 10952 13195 5230
2 2 2174 5229
1 2 12973 10996
1 3 12973 2142 8175
3 2 8194 5191
2 2 650 5191
3 3 5191 8222 12984
1 4 5121 8251 8229 650
1 2 5121 12954
1 3 12984 8229 650
3 2 2152 2173
3 2 2152 2194
3 2 2173 2194
2 2 2173 12964
1 2 2173 8238
2 2 2194 5178
1 10 10362 12336 10347 7638 4436 4589 1598 7581 5110 12466
1 11 10502 12496 1654 10347 7638 4436 4589 1598 7581 5110 12466
2 2 12364 12351
2 4 12364 1555 12394 10418
2 3 12351 10390 10418
1 3 10418 1596 1639
1 2 13083 8185
1 2 5232 8175
1 2 12853 5220
1 3 12853 12999 12913
1 2 8175 2204
1 4 2204 5148 12987 8140
1 3 2204 12959 5208
1 2 8140 5208
1 2 8140 2218
1 3 5208 2190 2218
1 2 5220 12913
1 3 5220 12933 2228
1 3 12913 2150 2228
1 4 12913 12947 10984 5153
1 2 2228 5153
1 3 2228 2132 5107
1 3 5153 2178 5107
1 2 2227 5168
1 16 2227 10989 12961 10345 8242 8184 10392 12422 12903 12909 8196 10999 2153 12996 8190 10980
1 16 5107 8179 2164 8227 8242 8184 10392 12422 12903 12909 8196 10999 2153 12996 8190 10980
1 2 8143 10946
1 13 8143 4617 8184 10392 12422 12903 12909 8196 10999 2153 12996 8190 10980
2 3 10946 8197 10419
2 11 10946 8197 12422 12903 12909 8196 10999 2153 12996 8190 10980
2 8 10419 11002 8196 10999 2153 12996 8190 10980
1 3 7589 8148 7476
2 5 7589 8226 12334 2185 12479
2 4 7589 8226 12334 10980
1 3 7476 12923 2218
1 3 7476 8210 12479
2 4 12479 2185 5172 10980
2 2 12479 10432
2 3 10980 5172 10432
2 2 10513 10432
2 2 10513 5167
2 3 10432 5112 5167
2 4 5167 7553 8181 8239
1 11 8239 5156 1529 1542 7594 4589 4436 7638 10347 12336 10362
2 4 8239 8181 4533 10405
2 2 5178 12466
1 10 10405 1529 1542 7594 4589 4436 7638 10347 12336 10362
1 4 10405 4548 12396 10447
3 2 12406 7520
3 8 12406 4864 7859 1861 10581 7755 12576 7798
3 3 7520 7450 1611
3 5 7520 10388 4478 4453 7649
3 3 1611 10500 7649
3 4 1611 10458 10445 7564
3 9 7649 4453 7533 12377 4836 10682 7859 4864 12406
3 5 7649 2163 10977 12934 8249
3 8 8249 2114 5134 4836 10682 7859 4864 12406
3 3 8249 12918 12910
3 4 8249 5211 5225 8186
3 3 7798 7811 4791
3 10 4791 12932 2130 2146 5161 10455 10682 7859 4864 12406
3 2 4791 1773
3 5 7564 7535 7522 4481 12308
3 6 12308 7651 10487 10460 4560 7566
3 5 7566 12367 4520 10378 10365
3 5 7566 12382 8230 2187 2166
3 4 10365 10378 12354 2166
3 10 12910 12918 2130 2146 5161 10455 10682 7859 4864 12406
3 3 12910 12924 1773
3 4 12910 7567 5225 8186
3 2 2219 8186
3 8 2219 8220 5183 5197 12948 2191 10969 8200
3 10 1773 12932 2130 2146 5161 10455 10682 7859 4864 12406
3 8 8186 10927 5183 5197 12948 2191 10969 8200
3 13 1652 4630 1540 1511 12323 4645 10971 5125 8152 2201 10958 10937 5207
3 7 1652 2157 5175 1526 10997 12962 8200
2 5 4329 4289 12135 1242 1222
1 6 4329 7362 4317 10974 4418 12237
1 3 1222 12931 12237
2 3 12237 12193 12154
3 25 11639 9670 6731 11676 746 9706 3730 11520 6751 9537 555 581 11554 9412 9567 3583 3414 6485 3485 3545 6534 11517 11401 9414 11542
3 8 3617 11577 11574 9591 9588 6619 624 11581
3 5 589 6594 11417 9572 11544
3 9 923 963 6831 9838 925 967 11861 9879 9907
2 19 4496 7531 7353 7572 10411 4582 12195 12264 10467 12460 12447 7645 1620 4596 4363 1248 7229 10309 4379
3 7 1364 4384 12255 12271 4367 4424 12299
3 4 9821 6889 11816 3924
2 2 13063 4744
3 2 13063 5264
3 15 12147 13196 490 11682 11902 1299 4869 12582 5205 751 709 4738 4166 9657 12357
3 13 3736 7794 12701 1782 4869 12582 5205 751 709 4738 4166 9657 12357
2 4 13075 12534 12166 3010
3 3 7766 7858 7830
3 3 7766 7858 4678
3 2 7830 4678
3 3 10669 12520 1774
3 2 4733 10607
3 3 4733 3336 96
3 3 4733 1729 7809
3 20 12683 11607 1714 10572 4810 10598 1772 7871 10577 9659 4290 12263 12192 4805 7672 10722 10698 1693 12548 7832
3 2 12683 12551
3 2 13061 4229
3 2 13061 12549
3 2 13061 4006
2 20 4229 11607 1714 10572 4810 10598 1772 7871 10577 9659 4290 12263 12192 4805 7672 10722 10698 1693 12548 7832
3 2 4229 12592
3 2 4229 4006
2 22 4455 10540 1865 11607 1714 10572 4810 10598 1772 7871 10577 9659 4290 12263 12192 4805 7672 10722 10698 1693 12548 7832
3 2 4455 12592
3 15 3208 4666 6740 3911 11902 1299 4869 12582 5205 751 709 4738 4166 9657 12357
2 4 4678 12508 12571 10644
2 20 12551 11607 1714 10572 4810 10598 1772 7871 10577 9659 4290 12263 12192 4805 7672 10722 10698 1693 12548 7832
2 5 4762 1666 4795 12538 10557
2 23 4762 1666 12565 4821 7844 10608 10667 12591 1807 10590 7871 10577 9659 4290 12263 12192 4805 7672 10722 10698 1693 12548 7832
3 5 4730 12514 7882 10561 7809
3 16 4730 4827 12510 4840 7722 10626 4700 12652 10600 3472 7774 4754 4813 7778 1704 10716
3 2 12549 4006
3 21 10641 4798 7746 4752 10667 12591 1807 10590 7871 10577 9659 4290 12263 12192 4805 7672 10722 10698 1693 12548 7832
2 2 10641 10589
3 2 1722 13060
2 3 1722 2853 10589
3 3 10557 12608 12668
3 8 1837 12523 7876 1803 7769 4815 12540 4797
3 5 1837 1697 7863 4703 1735
3 3 1837 1697 10631
3 3 1837 4842 7805
3 9 10607 12643 12615 12555 1780 7701 10613 1718 7789
3 2 10607 11328
2 20 12592 11607 1714 10572 4810 10598 1772 7871 10577 9659 4290 12263 12192 4805 7672 10722 10698 1693 12548 7832
2 22 4744 10540 1865 11607 1714 10572 4810 10598 1772 7871 10577 9659 4290 12263 12192 4805 7672 10722 10698 1693 12548 7832
3 2 4744 5264
3 4 4006 1819 13062 5264
2 3 13060 3184 1745
3 7 1735 10699 7802 12523 4782 7744 4724
3 4 1735 4703 10628 10631
3 3 1735 12681 12668
1 24 4669 3169 10677 12393 7712 10579 1295 9225 6121 6 6202 11025 9232 6133 9065 3167 3066 175 3004 12 11340 9291 9389 11375
3 3 4669 13076 198
1 25 198 13076 12502 10677 12393 7712 10579 1295 9225 6121 6 6202 11025 9232 6133 9065 3167 3066 175 3004 12 11340 9291 9389 11375
2 27 12602 10592 4715 7768 4774 10677 12393 7712 10579 1295 9225 6121 6 6202 11025 9232 6133 9065 3167 3066 175 3004 12 11340 9291 9389 11375
3 5 11328 12687 4812 4743 10631
3 4 10631 4743 10688 12668
3 2 10631 7805
2 8 12668 7726 4737 10524 1707 1829 7838 4797
3 17 10678 12657 7763 4725 10655 7801 10722 7672 4551 12342 9623 10463 7670 12482 10376 11893 6964
