1 14
1 22
1 35
1 37
1 94
1 96
1 117
1 121
1 122
1 158
1 188
1 198
1 221
1 241
1 242
1 300
1 306
1 310
1 321
1 333
1 362
1 377
1 381
1 382
1 383
1 391
1 400
1 413
1 417
1 418
1 462
1 474
1 476
1 478
1 492
1 493
1 494
1 495
1 512
1 514
1 516
1 521
1 525
1 564
1 587
1 589
1 590
1 591
1 599
1 646
1 650
1 663
1 673
1 686
1 687
1 692
1 693
1 700
1 705
1 708
1 721
1 733
1 736
1 740
1 743
1 748
1 755
1 758
1 772
1 773
1 778
1 788
1 814
1 819
1 829
1 848
1 853
1 856
1 857
1 858
1 859
1 885
1 911
1 917
1 923
1 928
1 947
1 949
1 957
1 958
1 982
1 1001
1 1006
1 1024
1 1047
1 1055
1 1068
1 1069
1 1086
1 1092
1 1093
1 1097
1 1117
1 1132
1 1145
1 1146
1 1149
1 1150
1 1168
1 1170
1 1182
1 1185
1 1190
1 1208
1 1222
1 1262
1 1278
1 1316
1 1319
1 1345
1 1349
1 1352
1 1356
1 1364
1 1369
1 1386
1 1391
1 1403
1 1408
1 1412
1 1424
1 1426
1 1453
1 1473
1 1474
1 1479
1 1488
1 1492
1 1506
1 1510
1 1518
1 1519
1 1520
1 1531
1 1534
1 1575
1 1581
1 1595
1 1599
1 1607
1 1611
1 1636
1 1639
1 1652
1 1655
1 1672
1 1678
1 1722
1 1731
1 1735
1 1745
1 1747
1 1773
1 1774
1 1799
1 1812
1 1815
1 1822
1 1825
1 1827
1 1830
1 1833
1 1836
1 1837
1 1838
1 1851
1 1866
1 1867
1 1884
1 1891
1 1896
1 1900
1 1914
1 1920
1 1927
1 1937
1 1939
1 1947
1 1950
1 1951
1 1963
1 1965
1 1974
1 1975
1 1976
1 1977
1 1980
1 1993
1 1995
1 2007
1 2008
1 2011
1 2012
1 2015
1 2017
1 2023
1 2026
1 2028
1 2029
1 2030
1 2038
1 2043
1 2044
1 2046
1 2050
1 2051
1 2056
1 2063
1 2077
1 2080
1 2088
1 2096
1 2103
1 2115
1 2123
1 2126
1 2151
1 2152
1 2159
1 2166
1 2173
1 2174
1 2180
1 2182
1 2184
1 2194
1 2196
1 2200
1 2202
1 2204
1 2207
1 2210
1 2213
1 2218
1 2219
1 2220
1 2225
1 2227
1 2228
1 2229
1 2947
1 3010
1 3022
1 3083
1 3122
1 3123
1 3147
1 3151
1 3152
1 3164
1 3165
1 3171
1 3174
1 3181
1 3190
1 3208
1 3234
1 3299
1 3312
1 3320
1 3326
1 3338
1 3353
1 3355
1 3369
1 3379
1 3392
1 3393
1 3423
1 3444
1 3456
1 3458
1 3480
1 3495
1 3497
1 3498
1 3501
1 3509
1 3516
1 3521
1 3522
1 3529
1 3535
1 3544
1 3546
1 3552
1 3559
1 3569
1 3575
1 3580
1 3585
1 3601
1 3604
1 3605
1 3606
1 3614
1 3617
1 3630
1 3645
1 3652
1 3655
1 3663
1 3685
1 3686
1 3696
1 3701
1 3706
1 3720
1 3732
1 3736
1 3750
1 3763
1 3768
1 3771
1 3772
1 3775
1 3778
1 3780
1 3783
1 3816
1 3823
1 3829
1 3840
1 3846
1 3866
1 3870
1 3878
1 3882
1 3918
1 3922
1 3924
1 3938
1 3957
1 3960
1 3962
1 3984
1 4006
1 4014
1 4031
1 4033
1 4045
1 4046
1 4052
1 4056
1 4073
1 4075
1 4076
1 4088
1 4105
1 4112
1 4116
1 4125
1 4144
1 4146
1 4153
1 4156
1 4168
1 4183
1 4188
1 4189
1 4190
1 4196
1 4205
1 4223
1 4229
1 4245
1 4261
1 4273
1 4299
1 4312
1 4315
1 4318
1 4329
1 4333
1 4334
1 4345
1 4361
1 4379
1 4401
1 4410
1 4425
1 4430
1 4455
1 4458
1 4464
1 4468
1 4482
1 4496
1 4506
1 4515
1 4516
1 4525
1 4564
1 4567
1 4580
1 4584
1 4585
1 4601
1 4607
1 4608
1 4609
1 4611
1 4613
1 4646
1 4661
1 4669
1 4677
1 4678
1 4695
1 4696
1 4709
1 4714
1 4723
1 4724
1 4730
1 4733
1 4735
1 4740
1 4741
1 4744
1 4749
1 4753
1 4762
1 4765
1 4785
1 4791
1 4797
1 4799
1 4801
1 4822
1 4833
1 4851
1 4865
1 4872
1 4883
1 4887
1 4896
1 4901
1 4941
1 4948
1 4952
1 4959
1 4966
1 4975
1 4980
1 4985
1 4989
1 5008
1 5013
1 5021
1 5025
1 5026
1 5029
1 5034
1 5037
1 5041
1 5049
1 5050
1 5052
1 5055
1 5084
1 5098
1 5101
1 5106
1 5107
1 5120
1 5121
1 5128
1 5131
1 5139
1 5153
1 5158
1 5160
1 5167
1 5168
1 5177
1 5178
1 5179
1 5180
1 5191
1 5203
1 5207
1 5208
1 5210
1 5220
1 5229
1 5230
1 5231
1 5232
1 5264
1 6008
1 6039
1 6050
1 6103
1 6115
1 6180
1 6192
1 6226
1 6232
1 6235
1 6237
1 6248
1 6262
1 6270
1 6278
1 6282
1 6287
1 6296
1 6318
1 6326
1 6338
1 6354
1 6377
1 6380
1 6384
1 6389
1 6395
1 6413
1 6420
1 6435
1 6446
1 6469
1 6489
1 6496
1 6499
1 6521
1 6524
1 6535
1 6542
1 6550
1 6552
1 6555
1 6558
1 6562
1 6568
1 6573
1 6582
1 6606
1 6613
1 6626
1 6631
1 6642
1 6651
1 6657
1 6666
1 6677
1 6679
1 6680
1 6685
1 6687
1 6696
1 6700
1 6706
1 6710
1 6717
1 6720
1 6726
1 6732
1 6759
1 6761
1 6766
1 6780
1 6788
1 6793
1 6794
1 6812
1 6843
1 6845
1 6846
1 6866
1 6876
1 6890
1 6906
1 6935
1 6946
1 6957
1 6964
1 6971
1 6973
1 6984
1 6994
1 6996
1 6999
1 7005
1 7014
1 7030
1 7054
1 7064
1 7072
1 7097
1 7105
1 7110
1 7113
1 7121
1 7125
1 7126
1 7132
1 7145
1 7155
1 7161
1 7176
1 7183
1 7185
1 7191
1 7202
1 7212
1 7213
1 7221
1 7225
1 7227
1 7259
1 7293
1 7296
1 7315
1 7329
1 7335
1 7342
1 7344
1 7361
1 7363
1 7375
1 7376
1 7381
1 7388
1 7394
1 7408
1 7432
1 7447
1 7458
1 7459
1 7476
1 7480
1 7520
1 7552
1 7554
1 7564
1 7566
1 7580
1 7589
1 7601
1 7617
1 7624
1 7629
1 7630
1 7643
1 7644
1 7649
1 7656
1 7661
1 7696
1 7716
1 7766
1 7775
1 7782
1 7785
1 7789
1 7797
1 7798
1 7803
1 7805
1 7809
1 7827
1 7830
1 7831
1 7832
1 7837
1 7842
1 7869
1 7872
1 7878
1 7921
1 7930
1 7950
1 7972
1 7978
1 7983
1 7991
1 7992
1 8006
1 8012
1 8034
1 8047
1 8048
1 8054
1 8057
1 8058
1 8071
1 8073
1 8086
1 8087
1 8096
1 8097
1 8099
1 8107
1 8117
1 8140
1 8143
1 8175
1 8180
1 8182
1 8185
1 8186
1 8188
1 8194
1 8199
1 8200
1 8205
1 8213
1 8214
1 8219
1 8223
1 8238
1 8239
1 8244
1 8249
1 9108
1 9131
1 9137
1 9151
1 9152
1 9177
1 9206
1 9263
1 9279
1 9289
1 9292
1 9297
1 9302
1 9315
1 9320
1 9335
1 9340
1 9347
1 9388
1 9417
1 9418
1 9427
1 9438
1 9450
1 9453
1 9467
1 9472
1 9486
1 9497
1 9498
1 9503
1 9507
1 9517
1 9522
1 9525
1 9535
1 9536
1 9559
1 9569
1 9570
1 9586
1 9601
1 9608
1 9609
1 9619
1 9620
1 9622
1 9627
1 9642
1 9648
1 9660
1 9665
1 9667
1 9692
1 9693
1 9708
1 9727
1 9764
1 9771
1 9783
1 9792
1 9804
1 9807
1 9809
1 9814
1 9817
1 9821
1 9823
1 9833
1 9850
1 9860
1 9864
1 9894
1 9898
1 9902
1 9904
1 9907
1 9909
1 9934
1 9950
1 9957
1 9958
1 9960
1 9962
1 9965
1 9975
1 9978
1 9990
1 9991
1 9994
1 9998
1 10015
1 10024
1 10029
1 10044
1 10068
1 10074
1 10076
1 10077
1 10088
1 10098
1 10118
1 10125
1 10128
1 10149
1 10153
1 10154
1 10190
1 10191
1 10199
1 10201
1 10210
1 10212
1 10230
1 10232
1 10253
1 10255
1 10257
1 10263
1 10278
1 10311
1 10330
1 10337
1 10358
1 10362
1 10365
1 10382
1 10400
1 10404
1 10405
1 10407
1 10418
1 10419
1 10432
1 10435
1 10447
1 10472
1 10474
1 10488
1 10493
1 10494
1 10502
1 10513
1 10538
1 10557
1 10578
1 10585
1 10589
1 10594
1 10607
1 10612
1 10619
1 10631
1 10641
1 10644
1 10669
1 10678
1 10696
1 10703
1 10707
1 10709
1 10716
1 10717
1 10728
1 10730
1 10737
1 10743
1 10747
1 10760
1 10761
1 10762
1 10773
1 10776
1 10777
1 10797
1 10798
1 10801
1 10803
1 10812
1 10830
1 10833
1 10834
1 10837
1 10840
1 10845
1 10848
1 10860
1 10862
1 10877
1 10886
1 10890
1 10913
1 10919
1 10922
1 10929
1 10932
1 10942
1 10946
1 10947
1 10966
1 10968
1 10976
1 10980
1 10996
1 11076
1 11091
1 11094
1 11105
1 11125
1 11149
1 11159
1 11215
1 11225
1 11241
1 11293
1 11297
1 11301
1 11328
1 11349
1 11351
1 11370
1 11371
1 11375
1 11379
1 11380
1 11388
1 11404
1 11420
1 11437
1 11445
1 11456
1 11467
1 11479
1 11483
1 11496
1 11499
1 11504
1 11506
1 11531
1 11533
1 11535
1 11542
1 11544
1 11549
1 11560
1 11561
1 11571
1 11581
1 11586
1 11594
1 11597
1 11600
1 11604
1 11606
1 11617
1 11621
1 11625
1 11627
1 11639
1 11644
1 11645
1 11654
1 11666
1 11668
1 11669
1 11672
1 11679
1 11691
1 11701
1 11702
1 11714
1 11742
1 11746
1 11747
1 11753
1 11756
1 11794
1 11800
1 11805
1 11817
1 11818
1 11829
1 11833
1 11834
1 11835
1 11837
1 11851
1 11857
1 11865
1 11887
1 11917
1 11921
1 11925
1 11928
1 11929
1 11936
1 11948
1 11953
1 11964
1 11969
1 11974
1 11982
1 11986
1 12004
1 12017
1 12019
1 12031
1 12059
1 12062
1 12064
1 12074
1 12090
1 12093
1 12114
1 12122
1 12124
1 12131
1 12144
1 12147
1 12149
1 12154
1 12168
1 12170
1 12182
1 12189
1 12237
1 12256
1 12268
1 12277
1 12281
1 12291
1 12299
1 12308
1 12312
1 12320
1 12330
1 12350
1 12351
1 12357
1 12358
1 12360
1 12361
1 12364
1 12366
1 12371
1 12384
1 12406
1 12416
1 12419
1 12430
1 12434
1 12456
1 12458
1 12466
1 12467
1 12472
1 12479
1 12501
1 12504
1 12518
1 12519
1 12535
1 12547
1 12549
1 12551
1 12586
1 12589
1 12592
1 12602
1 12603
1 12611
1 12668
1 12669
1 12683
1 12700
1 12705
1 12712
1 12721
1 12731
1 12732
1 12738
1 12742
1 12747
1 12751
1 12753
1 12755
1 12765
1 12769
1 12786
1 12791
1 12794
1 12798
1 12802
1 12806
1 12810
1 12811
1 12812
1 12815
1 12817
1 12821
1 12823
1 12824
1 12828
1 12830
1 12832
1 12834
1 12835
1 12838
1 12843
1 12851
1 12853
1 12858
1 12865
1 12869
1 12872
1 12877
1 12883
1 12885
1 12888
1 12896
1 12897
1 12900
1 12907
1 12908
1 12910
1 12913
1 12921
1 12929
1 12940
1 12954
1 12963
1 12964
1 12967
1 12973
1 12975
1 12983
1 12984
1 12985
1 12986
1 12989
1 12991
1 12994
1 12997
1 13060
1 13061
1 13063
1 13075
1 13083
1 13085
1 13087
1 13090
1 13093
1 13202
